"female" "age" "coupon" "churn" "followtime"
"1" 0 64 0 1 158
"2" 0 22 0 0 25
"3" 0 37 0 0 150
"4" 0 55 0 0 311
"5" 0 71 0 0 149
"6" 0 38 0 0 92
"7" 0 44 0 0 260
"8" 0 59 0 1 203
"9" 0 26 1 1 14
"10" 1 27 0 0 258
"11" 1 61 0 0 18
"12" 0 49 0 1 255
"13" 0 65 1 0 71
"14" 0 15 0 0 70
"15" 0 61 0 0 230
"16" 0 57 0 0 238
"17" 0 28 1 0 17
"18" 0 60 1 0 298
"19" 0 37 1 0 38
"20" 0 42 0 1 1
"21" 0 22 1 1 21
"22" 0 15 0 0 179
"23" 1 16 0 0 254
"24" 0 57 0 0 187
"25" 0 24 1 0 212
"26" 0 20 1 0 307
"27" 0 70 0 0 68
"28" 0 65 0 0 157
"29" 0 74 0 0 142
"30" 0 17 0 0 220
"31" 0 51 0 0 288
"32" 1 25 0 0 316
"33" 0 40 1 0 1
"34" 0 33 0 0 310
"35" 1 40 0 0 260
"36" 0 58 0 0 347
"37" 1 24 0 1 120
"38" 0 83 0 0 364
"39" 0 50 0 0 317
"40" 1 80 1 0 65
"41" 0 14 1 0 62
"42" 0 13 0 1 137
"43" 0 23 1 0 287
"44" 0 31 0 1 191
"45" 0 67 0 0 291
"46" 0 61 0 0 215
"47" 0 36 0 0 177
"48" 0 51 0 1 16
"49" 0 52 0 0 163
"50" 0 52 0 0 353
"51" 1 53 1 0 32
"52" 0 81 0 0 251
"53" 0 13 0 1 116
"54" 0 18 0 0 149
"55" 0 82 0 0 19
"56" 0 65 0 0 162
"57" 0 83 0 0 181
"58" 0 16 0 0 172
"59" 0 44 0 0 257
"60" 1 84 0 0 38
"61" 0 61 0 1 188
"62" 1 35 0 0 146
"63" 0 41 0 0 96
"64" 0 83 1 0 59
"65" 1 78 0 0 309
"66" 0 30 1 0 184
"67" 0 45 0 1 256
"68" 0 52 0 0 246
"69" 0 23 1 1 136
"70" 1 22 0 0 256
"71" 1 20 0 0 214
"72" 0 17 0 1 179
"73" 0 23 0 0 325
"74" 0 58 0 0 257
"75" 1 24 0 1 111
"76" 0 74 0 0 167
"77" 0 19 0 1 1
"78" 0 61 0 0 8
"79" 0 52 0 0 345
"80" 0 74 0 1 53
"81" 0 32 0 0 18
"82" 0 77 1 1 17
"83" 0 20 0 0 266
"84" 0 15 0 0 269
"85" 0 40 0 1 142
"86" 0 33 0 0 55
"87" 0 62 0 0 24
"88" 0 34 0 0 253
"89" 0 46 0 0 188
"90" 0 53 0 0 305
"91" 0 68 0 0 269
"92" 1 31 1 1 118
"93" 0 23 0 0 166
"94" 1 20 1 0 64
"95" 1 83 0 0 180
"96" 0 72 0 0 135
"97" 0 58 0 0 294
"98" 1 74 0 0 348
"99" 0 61 0 0 212
"100" 0 61 0 0 339
"101" 0 33 1 0 24
"102" 0 55 0 0 193
"103" 0 61 0 0 80
"104" 0 23 0 0 193
"105" 1 63 1 1 75
"106" 1 71 0 1 78
"107" 0 39 0 0 305
"108" 0 34 1 0 53
"109" 0 22 0 0 311
"110" 0 71 1 0 245
"111" 0 77 0 0 92
"112" 1 30 0 0 355
"113" 0 17 0 0 197
"114" 0 44 0 0 104
"115" 1 82 0 0 158
"116" 1 24 0 0 148
"117" 0 42 0 0 155
"118" 0 32 0 1 125
"119" 0 60 0 0 8
"120" 0 79 0 0 92
"121" 1 15 0 0 351
"122" 1 16 1 0 35
"123" 1 31 0 0 91
"124" 0 74 0 0 116
"125" 0 33 0 1 150
"126" 0 23 1 1 244
"127" 0 84 1 0 310
"128" 0 22 0 0 309
"129" 0 78 1 0 263
"130" 1 76 0 1 92
"131" 0 38 0 1 2
"133" 0 31 1 0 224
"134" 0 32 0 0 26
"135" 1 53 0 0 272
"136" 0 48 0 0 308
"137" 0 77 0 0 309
"138" 0 69 0 0 2
"139" 0 22 0 1 206
"140" 0 66 0 0 352
"141" 0 80 0 0 126
"142" 0 55 0 0 247
"143" 0 50 0 0 38
"144" 1 82 0 0 134
"145" 1 48 0 0 340
"146" 0 27 0 0 219
"147" 0 37 0 0 24
"148" 1 68 0 0 234
"149" 1 42 0 1 136
"150" 0 67 1 0 16
"151" 0 18 0 0 10
"152" 0 49 1 0 13
"153" 0 63 0 0 21
"154" 1 31 1 0 170
"155" 0 47 0 1 310
"156" 0 32 0 0 337
"157" 0 37 0 0 218
"158" 0 58 0 1 130
"159" 0 40 0 0 327
"160" 0 58 0 0 75
"161" 0 49 0 1 26
"162" 0 29 0 0 122
"163" 1 59 0 0 136
"164" 0 62 0 0 76
"165" 0 71 0 0 178
"166" 0 64 1 0 288
"167" 0 16 0 0 69
"168" 0 24 0 1 94
"169" 0 57 0 1 69
"170" 0 48 0 0 116
"171" 0 24 0 0 126
"172" 0 65 0 0 322
"173" 0 33 0 0 47
"174" 0 81 0 0 101
"175" 0 63 1 0 26
"176" 0 75 0 0 314
"177" 0 81 0 0 120
"178" 0 34 0 0 328
"179" 1 34 1 0 360
"180" 0 17 0 0 169
"181" 1 77 0 0 286
"182" 0 36 0 1 48
"183" 0 24 1 0 265
"184" 0 47 0 0 52
"185" 0 34 0 1 127
"186" 1 54 0 0 214
"187" 0 82 0 0 56
"188" 0 24 0 0 68
"189" 0 42 0 0 41
"190" 0 30 0 0 195
"191" 0 15 0 0 362
"192" 1 54 0 0 138
"193" 1 54 0 0 90
"194" 1 77 0 1 65
"195" 0 76 0 0 351
"196" 0 25 0 1 42
"197" 0 43 0 0 330
"198" 0 13 0 0 101
"199" 0 31 0 1 58
"200" 0 70 1 0 179
"201" 0 78 0 0 347
"202" 1 19 0 0 114
"203" 0 28 1 0 272
"204" 0 54 0 0 138
"205" 1 66 0 0 258
"206" 0 80 1 0 344
"207" 0 43 1 0 191
"208" 0 59 0 0 285
"209" 0 29 0 0 90
"210" 1 78 0 0 92
"211" 1 44 1 0 63
"212" 0 65 1 0 45
"213" 0 28 1 0 272
"214" 0 68 0 0 326
"215" 1 72 0 0 334
"216" 0 31 0 0 332
"217" 0 36 0 0 225
"218" 1 43 0 0 144
"219" 0 81 1 0 351
"220" 0 37 0 0 146
"221" 0 53 0 0 111
"222" 0 62 0 0 239
"223" 1 58 0 0 112
"224" 0 79 0 0 249
"225" 1 20 0 0 116
"226" 0 23 1 0 244
"227" 0 59 0 0 135
"228" 0 31 0 1 140
"229" 0 20 0 0 56
"230" 0 30 0 0 254
"231" 1 68 1 0 257
"232" 0 52 0 0 119
"233" 0 59 0 1 10
"234" 1 69 0 0 180
"235" 0 74 0 0 78
"236" 1 44 0 0 315
"237" 0 37 0 1 70
"238" 0 33 0 0 330
"239" 0 49 0 0 192
"240" 0 26 0 0 77
"241" 0 74 1 0 78
"242" 0 45 0 0 269
"243" 0 58 0 1 237
"244" 0 75 0 0 219
"245" 0 17 1 1 112
"246" 0 73 0 0 47
"247" 1 25 0 0 345
"248" 0 15 1 0 144
"249" 0 33 1 0 278
"250" 0 34 0 0 282
"251" 0 77 0 0 344
"252" 0 46 0 0 202
"253" 0 58 0 0 283
"254" 0 83 0 0 248
"255" 0 79 0 0 163
"256" 0 30 1 1 9
"257" 0 55 0 0 66
"258" 0 31 0 0 227
"259" 0 73 1 1 13
"260" 0 26 0 0 175
"261" 0 81 0 0 193
"262" 1 54 0 0 337
"263" 0 63 0 0 307
"264" 1 68 0 0 83
"265" 0 77 0 0 213
"266" 0 84 0 0 152
"267" 0 52 0 1 152
"268" 0 25 0 0 158
"269" 0 54 0 0 160
"270" 0 34 0 0 343
"271" 0 67 1 0 207
"272" 0 31 0 0 220
"273" 1 27 0 0 243
"274" 1 60 0 0 40
"275" 0 14 1 0 299
"276" 0 67 0 0 243
"277" 0 35 0 0 146
"278" 0 20 0 0 309
"279" 0 38 0 0 102
"280" 0 54 0 0 6
"281" 0 52 0 0 280
"282" 0 43 1 1 65
"283" 0 33 0 0 114
"284" 0 47 0 0 18
"285" 0 63 0 0 346
"286" 0 39 0 0 159
"287" 0 55 0 1 100
"288" 0 65 0 0 289
"289" 0 81 0 0 9
"290" 0 72 0 0 283
"291" 1 51 0 0 271
"292" 0 29 1 0 304
"293" 0 85 1 0 185
"294" 1 34 0 0 267
"295" 0 33 0 1 49
"296" 1 39 0 0 169
"297" 0 23 0 0 23
"298" 1 50 1 0 255
"299" 0 78 0 0 355
"300" 0 57 0 1 140
"301" 0 25 0 0 180
"302" 0 74 1 0 216
"303" 1 35 0 0 275
"304" 0 34 0 0 109
"305" 0 58 0 0 164
"306" 1 20 0 0 7
"307" 1 38 0 0 220
"308" 1 42 0 0 29
"309" 0 81 0 0 199
"310" 0 25 0 0 250
"311" 0 44 0 0 32
"312" 0 43 0 1 117
"314" 0 82 0 0 270
"315" 0 18 1 0 26
"316" 1 35 0 0 75
"317" 0 63 0 0 233
"318" 0 24 0 0 175
"319" 0 75 0 1 181
"320" 0 85 1 0 298
"321" 0 71 0 0 364
"322" 0 48 0 0 41
"323" 0 57 1 0 217
"324" 0 82 0 0 262
"325" 0 62 0 0 91
"326" 0 33 0 0 183
"327" 1 61 0 1 53
"328" 0 78 0 0 113
"329" 0 33 0 0 22
"330" 0 20 1 0 102
"331" 0 57 0 0 227
"332" 0 78 0 0 45
"333" 0 51 0 1 82
"334" 0 17 0 0 62
"335" 1 76 0 0 311
"336" 0 57 0 0 309
"337" 0 24 0 0 34
"338" 0 76 1 0 24
"339" 0 83 0 0 251
"340" 0 22 0 0 263
"341" 0 37 0 0 52
"342" 0 70 0 0 50
"343" 0 73 0 0 140
"344" 0 65 0 0 314
"345" 0 46 0 0 28
"346" 0 45 0 0 29
"347" 0 19 0 1 227
"348" 0 45 0 0 62
"349" 0 76 0 1 120
"350" 1 16 0 0 81
"351" 0 30 1 0 76
"352" 0 13 0 0 340
"353" 1 38 0 1 5
"354" 1 24 0 0 10
"355" 0 66 1 0 90
"356" 0 61 1 0 361
"357" 0 54 0 0 198
"358" 0 77 0 0 69
"359" 0 55 0 0 93
"360" 1 75 0 0 145
"361" 1 76 0 0 98
"362" 0 78 0 0 169
"363" 0 62 0 0 163
"364" 0 61 0 0 81
"365" 1 33 1 1 160
"366" 0 23 1 0 137
"367" 0 64 0 0 309
"368" 0 66 0 0 188
"369" 0 76 0 0 39
"370" 0 40 1 0 252
"371" 0 28 0 0 328
"372" 0 82 0 0 265
"373" 0 56 0 0 109
"374" 0 73 0 0 183
"375" 0 15 0 1 21
"376" 1 47 0 0 24
"377" 0 85 0 0 83
"378" 1 24 0 0 142
"379" 0 82 0 0 107
"380" 0 49 0 0 54
"381" 1 64 0 0 288
"382" 0 83 1 1 127
"383" 0 54 1 0 93
"384" 0 32 1 1 24
"385" 0 33 0 0 322
"386" 0 53 0 0 76
"387" 0 73 1 1 127
"388" 0 43 0 0 115
"389" 0 22 0 0 32
"390" 0 83 0 0 212
"391" 0 52 0 0 54
"392" 0 54 0 0 278
"393" 0 30 1 0 156
"394" 0 75 0 0 21
"395" 0 43 1 0 337
"396" 0 80 0 0 105
"397" 0 49 1 0 74
"398" 0 41 1 0 77
"399" 0 42 0 0 17
"400" 1 21 0 1 84
"401" 0 69 0 0 260
"402" 0 57 1 0 133
"403" 0 74 0 0 178
"404" 0 54 0 0 135
"405" 0 20 0 1 290
"406" 0 70 0 0 237
"407" 0 15 0 0 230
"408" 0 60 0 0 13
"409" 0 20 0 0 32
"410" 0 28 0 0 143
"411" 0 30 0 1 239
"412" 1 68 0 0 302
"413" 0 75 1 1 169
"414" 0 73 0 0 214
"415" 0 45 0 0 128
"416" 1 35 0 0 27
"417" 1 63 0 0 12
"418" 0 25 0 0 131
"419" 1 18 1 0 162
"420" 0 82 1 0 355
"421" 0 83 0 0 355
"422" 0 71 1 1 108
"423" 0 40 0 0 238
"424" 0 46 0 0 251
"425" 0 66 0 0 282
"426" 0 53 0 0 335
"427" 1 59 0 0 338
"428" 0 56 1 1 3
"429" 0 20 0 0 332
"430" 0 31 0 0 244
"431" 0 34 1 0 266
"432" 1 26 1 0 125
"433" 0 40 0 0 93
"434" 0 57 0 1 32
"435" 1 75 0 0 203
"436" 1 28 1 0 95
"437" 0 69 0 0 277
"438" 0 76 0 0 155
"439" 0 77 0 0 211
"440" 0 75 0 0 13
"441" 1 39 0 1 16
"442" 1 30 0 0 330
"443" 0 46 0 0 230
"444" 0 56 0 0 97
"445" 0 19 0 0 54
"446" 0 84 0 0 269
"447" 0 24 0 0 8
"448" 1 78 0 0 159
"449" 0 76 0 0 233
"450" 0 76 0 1 226
"451" 0 64 0 0 29
"452" 0 27 1 0 100
"453" 0 49 0 0 270
"454" 0 27 0 0 355
"455" 1 33 0 0 341
"456" 0 31 0 0 87
"457" 0 79 0 0 139
"458" 0 81 0 1 3
"459" 0 33 0 0 13
"460" 0 72 1 1 171
"461" 1 14 0 0 257
"462" 1 66 0 0 115
"463" 1 71 0 0 178
"464" 0 48 0 0 295
"465" 0 14 0 0 85
"466" 0 74 0 0 209
"467" 0 22 0 0 189
"468" 0 27 0 0 108
"469" 0 18 0 1 330
"470" 0 58 0 0 205
"471" 1 84 0 0 61
"472" 0 46 0 0 273
"473" 0 59 1 0 230
"474" 0 14 0 0 6
"475" 1 44 0 0 34
"476" 0 51 0 0 356
"477" 0 50 0 0 131
"478" 0 38 0 0 251
"479" 1 38 0 0 38
"480" 0 43 0 1 29
"481" 0 20 0 1 81
"482" 0 33 1 0 354
"483" 0 77 0 0 70
"484" 0 27 0 0 49
"485" 0 34 0 0 44
"486" 0 51 0 1 123
"487" 0 26 1 0 271
"488" 0 51 1 0 234
"489" 0 39 0 0 206
"490" 0 14 1 1 65
"491" 0 38 1 0 4
"492" 0 25 0 0 280
"493" 0 41 0 0 69
"494" 1 77 0 0 327
"495" 0 67 0 0 106
"496" 0 31 0 0 311
"497" 0 68 0 1 138
"498" 0 49 0 0 141
"499" 1 38 0 0 193
"500" 1 33 0 0 106
"501" 0 82 0 0 267
"502" 0 75 0 0 42
"503" 1 85 0 0 136
"504" 0 40 0 0 49
"505" 0 23 0 0 112
"506" 1 55 0 0 123
"507" 0 43 0 0 116
"508" 1 46 1 0 141
"509" 1 13 0 0 234
"510" 0 42 0 0 274
"511" 0 61 1 0 149
"512" 0 65 0 1 194
"513" 0 20 0 0 229
"514" 0 85 0 0 165
"515" 0 62 0 1 33
"516" 1 18 0 0 35
"517" 0 42 0 1 228
"518" 0 38 0 1 174
"519" 0 37 0 0 190
"520" 0 42 0 0 274
"521" 0 64 1 0 36
"522" 0 85 1 0 97
"523" 0 51 1 1 26
"524" 0 13 0 0 363
"525" 0 36 0 0 26
"526" 1 39 0 0 161
"527" 0 54 0 0 79
"528" 0 68 0 0 1
"529" 1 61 0 0 17
"530" 0 85 1 0 222
"531" 0 79 0 0 326
"532" 0 77 0 0 230
"533" 1 70 0 1 123
"534" 0 47 0 0 259
"535" 0 72 0 0 148
"536" 0 31 0 0 82
"537" 0 72 1 1 34
"538" 0 83 0 0 347
"539" 0 30 0 1 227
"540" 0 30 1 0 19
"541" 1 40 0 0 172
"542" 0 46 0 0 220
"543" 0 32 0 0 327
"544" 0 47 0 0 107
"545" 0 18 1 0 177
"546" 0 34 0 0 84
"547" 0 62 0 0 235
"548" 0 45 0 0 243
"549" 0 74 1 0 69
"550" 0 69 0 0 165
"551" 0 84 0 0 126
"552" 0 56 0 0 262
"553" 0 83 1 0 225
"554" 0 56 1 0 30
"555" 1 18 0 0 252
"556" 0 43 1 0 168
"557" 1 37 0 0 105
"558" 0 85 0 0 204
"559" 0 21 0 0 357
"560" 0 41 0 0 230
"561" 0 61 1 1 2
"562" 0 40 0 0 20
"563" 0 53 0 0 245
"564" 0 67 0 0 17
"565" 0 48 0 0 20
"566" 1 49 0 0 13
"567" 0 63 1 0 334
"568" 1 71 0 0 182
"569" 0 22 0 0 26
"570" 0 23 0 1 92
"571" 0 21 0 0 132
"572" 0 48 0 0 208
"573" 0 38 0 0 33
"574" 0 65 1 0 277
"575" 0 80 0 0 181
"576" 0 61 0 0 46
"577" 0 53 0 0 189
"578" 1 22 0 0 177
"579" 0 17 0 0 52
"580" 0 45 0 1 202
"581" 0 76 0 0 194
"582" 1 19 0 0 86
"583" 0 14 0 0 206
"584" 0 70 0 0 36
"585" 0 65 0 0 110
"586" 0 34 0 0 300
"587" 0 75 0 0 245
"588" 1 25 0 1 256
"589" 0 16 0 0 202
"590" 1 81 0 0 195
"591" 0 69 0 0 79
"592" 1 35 0 1 286
"593" 0 19 0 0 226
"594" 0 81 0 0 268
"595" 1 19 0 0 345
"596" 0 78 0 0 27
"597" 0 75 1 0 193
"598" 1 80 0 0 24
"599" 1 61 0 0 156
"600" 0 18 0 1 96
"601" 0 31 0 0 33
"602" 0 80 0 0 24
"603" 0 85 0 0 18
"604" 0 78 0 0 120
"605" 0 23 0 0 109
"606" 0 24 0 0 133
"607" 0 27 0 0 246
"608" 0 80 0 0 120
"609" 0 39 0 0 288
"610" 0 37 0 0 246
"611" 0 52 0 0 218
"612" 0 49 1 0 134
"613" 1 63 0 0 1
"614" 0 37 0 0 281
"615" 0 54 0 0 292
"616" 0 80 0 0 322
"617" 0 19 0 1 6
"618" 1 44 0 0 18
"619" 0 84 1 0 54
"620" 0 36 0 0 142
"621" 0 49 0 0 204
"622" 0 84 1 0 113
"623" 0 72 0 0 341
"624" 0 69 0 1 72
"625" 0 56 0 0 244
"626" 0 18 0 0 271
"627" 0 84 0 0 157
"628" 0 85 0 0 286
"629" 0 80 0 0 27
"630" 0 31 0 0 157
"631" 0 83 0 0 196
"632" 0 68 0 1 66
"633" 1 21 0 0 1
"634" 0 81 0 0 201
"635" 1 25 0 0 337
"636" 0 57 0 0 147
"637" 0 58 0 0 1
"638" 0 53 0 0 173
"639" 1 51 1 1 25
"640" 0 54 0 1 48
"641" 0 20 0 1 25
"642" 0 52 0 0 203
"643" 0 75 1 1 19
"644" 0 25 0 0 117
"645" 0 33 1 0 313
"646" 0 47 0 0 19
"647" 0 53 0 0 126
"648" 0 13 0 0 199
"649" 0 50 0 0 196
"650" 1 52 0 0 71
"651" 1 51 1 0 191
"652" 0 16 1 0 24
"653" 0 69 0 0 59
"654" 1 46 0 0 144
"655" 0 33 0 0 337
"656" 0 37 0 0 66
"657" 0 29 1 0 258
"658" 1 72 0 0 163
"659" 0 70 0 1 99
"660" 0 44 0 0 158
"661" 0 16 0 0 57
"662" 0 76 0 0 86
"663" 1 36 0 0 26
"664" 0 70 0 0 200
"665" 0 30 0 0 95
"666" 1 73 1 0 59
"667" 0 64 0 0 244
"668" 0 38 0 0 110
"669" 0 24 0 0 363
"670" 0 13 0 0 253
"671" 0 85 0 0 298
"672" 1 56 0 0 48
"673" 0 41 1 0 146
"674" 0 56 1 1 13
"675" 1 64 1 0 14
"676" 0 42 0 0 363
"677" 0 63 0 0 211
"678" 1 29 1 0 355
"679" 0 26 1 0 118
"680" 0 50 1 0 240
"681" 0 48 0 0 208
"682" 1 85 0 0 65
"683" 0 45 0 1 68
"684" 1 52 0 0 38
"685" 0 71 0 0 166
"686" 0 26 0 0 65
"687" 0 79 0 0 250
"688" 0 58 0 0 301
"689" 1 60 0 0 250
"690" 0 64 1 0 137
"691" 0 23 0 0 282
"692" 0 19 0 0 254
"693" 1 13 1 0 300
"694" 0 28 0 1 64
"695" 0 35 0 0 48
"696" 0 19 0 0 356
"697" 1 38 0 0 84
"698" 1 74 0 0 129
"699" 1 39 1 0 63
"700" 0 61 0 0 335
"701" 0 72 0 0 70
"702" 0 73 0 0 99
"703" 1 45 0 0 218
"704" 1 15 0 0 259
"705" 0 55 1 0 67
"706" 0 23 0 0 158
"707" 0 53 0 0 150
"708" 1 60 0 0 118
"709" 0 17 0 0 276
"710" 0 33 0 1 24
"711" 0 85 0 0 322
"712" 0 15 0 0 70
"713" 1 76 0 1 9
"714" 0 27 0 0 329
"715" 0 64 0 0 84
"716" 1 79 1 0 302
"717" 0 76 0 0 220
"718" 0 67 0 0 161
"719" 0 63 0 0 309
"720" 1 59 0 0 132
"721" 1 31 0 0 251
"722" 0 24 0 1 73
"723" 0 41 0 0 161
"724" 0 59 0 0 244
"725" 0 49 0 0 96
"726" 0 80 0 0 197
"727" 0 40 0 0 132
"728" 0 26 0 1 221
"729" 0 59 0 0 342
"730" 0 17 0 0 124
"731" 1 25 0 1 44
"732" 0 65 0 0 290
"733" 0 25 0 0 149
"734" 0 76 1 1 10
"735" 0 27 0 0 313
"736" 0 48 1 0 47
"737" 0 28 1 1 187
"738" 0 26 0 0 56
"739" 0 19 0 1 285
"740" 1 76 0 0 214
"741" 0 75 0 1 251
"742" 0 56 0 0 123
"743" 1 16 0 0 174
"744" 0 49 0 0 1
"745" 0 58 0 0 103
"746" 0 54 0 0 126
"747" 0 48 1 0 42
"748" 0 63 0 0 82
"749" 0 20 1 0 40
"750" 0 82 0 0 31
"751" 1 29 0 0 115
"752" 0 52 0 0 71
"753" 1 20 1 0 319
"754" 0 76 1 0 58
"755" 0 13 1 0 38
"756" 0 60 0 0 335
"757" 0 20 0 0 113
"758" 0 34 1 1 23
"759" 1 47 0 0 165
"760" 0 39 0 0 278
"761" 1 57 0 0 287
"762" 1 45 0 0 253
"763" 0 59 0 0 123
"764" 0 33 0 0 75
"765" 0 30 0 0 268
"766" 0 31 0 0 358
"767" 0 75 0 0 291
"768" 0 40 0 0 64
"769" 1 57 0 1 290
"770" 0 15 0 0 48
"771" 0 38 0 0 256
"772" 0 66 0 0 206
"773" 0 46 1 0 274
"774" 1 26 0 0 247
"775" 0 56 0 0 8
"776" 0 30 0 1 137
"777" 0 19 0 0 284
"778" 0 56 0 1 62
"779" 0 37 1 0 162
"780" 0 20 0 0 32
"781" 1 47 0 0 6
"782" 0 20 0 0 260
"783" 0 43 0 0 60
"784" 0 45 0 0 152
"785" 0 22 0 0 97
"786" 0 42 0 0 60
"787" 0 18 0 0 225
"788" 0 22 0 0 275
"789" 0 53 0 0 279
"790" 0 25 0 0 88
"791" 0 69 0 0 218
"792" 1 60 1 1 1
"793" 0 41 0 1 56
"794" 0 57 1 0 361
"795" 1 66 0 1 29
"796" 1 62 1 0 315
"797" 0 73 1 0 162
"798" 0 59 0 0 55
"799" 0 73 0 0 96
"800" 1 25 0 0 230
"801" 0 80 0 0 154
"802" 0 78 0 0 86
"803" 0 21 0 1 15
"804" 0 31 0 0 63
"805" 1 41 1 1 184
"806" 0 20 0 0 344
"807" 0 25 1 1 8
"808" 0 85 0 0 63
"809" 0 76 0 0 246
"810" 1 29 0 0 195
"811" 0 44 0 0 342
"812" 0 43 0 0 56
"813" 0 21 1 0 306
"814" 1 22 0 1 206
"815" 0 57 0 0 146
"816" 0 23 1 0 14
"817" 0 25 0 0 212
"818" 0 84 0 0 188
"819" 0 65 0 0 42
"820" 0 70 0 0 236
"821" 0 57 1 0 321
"822" 0 42 0 0 84
"823" 0 21 0 0 61
"824" 0 55 0 0 74
"825" 1 52 1 1 28
"826" 0 17 0 0 250
"827" 0 81 0 0 27
"828" 0 38 1 0 227
"829" 1 41 0 0 313
"830" 0 38 0 0 115
"831" 0 82 1 0 196
"832" 0 65 0 0 248
"833" 0 62 1 0 178
"834" 1 16 0 0 93
"835" 0 75 0 0 94
"836" 1 51 0 0 22
"837" 0 48 0 0 2
"838" 0 18 0 0 3
"839" 1 36 0 0 201
"840" 0 33 0 0 320
"841" 0 77 0 0 19
"842" 0 70 0 0 38
"843" 0 70 0 0 7
"844" 0 34 0 0 225
"845" 0 64 0 0 162
"846" 0 48 0 0 324
"847" 0 63 0 0 155
"848" 0 48 1 0 223
"849" 0 81 0 0 169
"850" 0 35 0 0 288
"851" 0 22 0 0 16
"852" 0 36 1 0 52
"853" 1 73 0 0 190
"854" 0 53 0 0 184
"855" 0 58 0 0 211
"856" 1 32 1 0 334
"857" 0 56 0 0 34
"858" 1 16 0 0 86
"859" 1 32 0 0 300
"860" 0 58 0 0 230
"861" 0 44 0 0 101
"862" 1 85 0 0 140
"863" 1 67 0 0 132
"864" 0 75 0 0 282
"865" 1 48 0 0 361
"866" 0 35 0 0 76
"867" 0 24 0 0 147
"868" 1 48 1 0 25
"869" 0 50 0 0 249
"870" 0 36 0 0 240
"871" 0 34 0 0 235
"872" 0 73 0 0 252
"873" 0 79 0 0 66
"874" 0 31 0 0 17
"875" 0 65 1 0 285
"876" 0 13 0 0 321
"877" 0 25 0 0 315
"878" 0 73 0 0 23
"879" 1 56 0 1 181
"880" 0 83 1 0 261
"881" 0 34 0 0 79
"882" 0 42 0 0 361
"883" 0 85 0 0 104
"884" 0 59 0 0 322
"885" 0 56 0 0 261
"886" 0 13 0 1 84
"887" 1 48 1 0 172
"888" 0 68 0 0 312
"889" 0 73 0 0 359
"890" 0 14 0 0 61
"891" 1 54 0 0 168
"892" 0 42 0 0 224
"893" 0 70 0 0 360
"894" 0 27 0 0 2
"895" 0 68 0 0 204
"896" 0 30 1 0 280
"897" 0 79 0 0 348
"898" 0 23 0 0 60
"899" 0 38 0 0 12
"900" 0 74 0 0 276
"901" 0 41 0 0 138
"902" 0 32 0 0 316
"903" 0 43 0 0 77
"904" 0 19 0 0 203
"905" 0 68 0 0 149
"906" 0 62 1 0 315
"907" 0 14 0 0 37
"908" 0 73 0 0 104
"909" 1 80 1 0 292
"910" 0 27 0 0 50
"911" 0 42 0 0 109
"912" 1 13 0 0 119
"913" 0 53 0 0 260
"914" 0 74 0 0 51
"915" 0 31 0 0 167
"916" 0 83 0 0 209
"917" 0 70 0 0 165
"918" 0 35 0 0 213
"919" 0 13 0 0 161
"920" 0 77 1 1 3
"921" 0 42 0 0 218
"922" 0 38 0 0 222
"923" 0 33 1 1 131
"924" 1 78 0 0 273
"925" 0 65 0 0 144
"926" 0 76 0 1 270
"927" 0 14 0 0 9
"928" 1 75 0 0 261
"929" 0 74 0 0 312
"930" 0 49 0 0 240
"931" 0 80 0 0 228
"932" 0 43 1 0 196
"933" 0 62 0 1 24
"934" 0 62 0 0 335
"935" 0 29 0 0 304
"936" 0 41 0 0 72
"938" 1 49 0 0 161
"939" 1 49 0 0 185
"940" 0 85 0 0 209
"941" 0 24 0 0 16
"942" 0 83 0 0 33
"943" 0 39 1 0 195
"944" 0 75 0 1 176
"945" 1 53 0 0 36
"946" 0 73 0 0 96
"947" 0 66 1 0 101
"948" 1 19 0 1 18
"949" 0 66 0 0 239
"950" 0 55 0 0 167
"951" 0 46 0 0 256
"952" 0 51 0 0 38
"953" 1 69 0 0 214
"954" 1 57 0 0 43
"955" 0 40 0 1 53
"956" 0 58 0 0 54
"957" 0 70 0 0 224
"958" 1 80 0 1 162
"959" 1 28 0 0 134
"960" 0 33 0 0 321
"961" 1 29 0 0 78
"962" 0 58 0 0 25
"963" 0 71 1 0 303
"964" 0 35 0 0 10
"965" 0 28 1 0 262
"966" 1 30 0 0 170
"967" 0 83 1 0 303
"968" 0 27 0 0 322
"969" 0 57 1 0 266
"970" 0 19 0 0 318
"971" 0 63 1 0 266
"972" 0 70 1 0 169
"973" 0 18 0 0 250
"974" 0 40 0 0 34
"975" 0 19 0 0 298
"976" 0 28 0 0 122
"977" 0 51 0 0 98
"978" 0 46 0 0 68
"979" 0 83 0 1 36
"980" 1 77 1 0 342
"981" 0 63 0 0 19
"982" 1 51 0 0 40
"983" 0 14 0 0 203
"984" 1 77 0 1 200
"985" 0 58 0 0 350
"986" 0 35 0 0 324
"987" 0 73 0 0 335
"988" 0 49 0 0 233
"989" 0 20 0 0 244
"990" 0 79 0 0 232
"991" 0 59 0 0 49
"992" 0 47 1 1 40
"993" 0 19 1 0 105
"994" 0 64 1 1 16
"995" 0 81 1 0 26
"996" 0 66 0 0 101
"997" 0 49 1 0 141
"998" 0 63 0 0 170
"999" 1 40 0 1 13
"1000" 0 63 0 0 98
"1001" 0 13 0 0 205
"1002" 0 32 0 0 337
"1003" 1 65 1 0 356
"1004" 0 25 0 0 344
"1005" 0 78 0 1 212
"1006" 0 35 0 0 338
"1007" 0 63 1 0 34
"1008" 0 30 0 0 29
"1009" 0 62 0 0 27
"1010" 1 15 1 0 6
"1011" 1 54 0 0 305
"1012" 0 38 0 0 31
"1013" 0 70 0 0 278
"1014" 0 77 0 0 59
"1015" 0 80 0 0 216
"1016" 1 82 0 0 257
"1017" 0 59 0 0 74
"1018" 0 30 0 0 221
"1019" 1 22 0 0 187
"1020" 0 32 1 0 190
"1021" 0 72 0 0 352
"1022" 0 47 0 0 146
"1023" 1 28 0 0 300
"1024" 1 23 0 0 47
"1025" 0 63 1 0 60
"1026" 0 52 0 0 32
"1027" 1 30 1 0 94
"1028" 0 82 0 0 35
"1029" 0 82 0 1 143
"1030" 1 38 0 0 30
"1031" 1 13 0 0 247
"1032" 0 80 0 1 153
"1033" 0 30 1 0 233
"1034" 0 50 1 0 74
"1035" 1 41 0 0 48
"1036" 1 48 1 0 273
"1037" 0 21 1 1 148
"1038" 1 33 0 0 134
"1039" 0 42 0 0 120
"1040" 1 31 0 0 136
"1041" 0 69 0 0 135
"1042" 1 77 0 0 259
"1043" 0 57 1 0 214
"1044" 0 40 0 0 319
"1045" 0 46 0 0 40
"1046" 1 29 0 0 50
"1047" 1 75 1 0 208
"1048" 1 28 0 0 362
"1049" 0 85 0 0 177
"1050" 0 41 0 0 192
"1051" 0 81 0 0 328
"1052" 0 71 1 0 312
"1053" 0 32 0 1 270
"1054" 0 23 0 0 218
"1055" 0 74 0 0 47
"1056" 0 13 0 0 347
"1057" 0 84 0 0 55
"1058" 0 54 0 0 102
"1059" 0 23 0 1 31
"1060" 0 83 0 0 103
"1061" 1 29 0 0 23
"1062" 1 52 0 0 189
"1063" 1 81 1 0 126
"1064" 1 81 0 1 112
"1065" 0 16 1 0 73
"1066" 0 84 0 0 3
"1067" 0 66 0 0 343
"1068" 1 64 1 0 33
"1069" 0 31 0 0 151
"1070" 0 59 0 0 47
"1071" 0 35 1 1 4
"1072" 0 13 1 0 169
"1073" 0 77 0 0 57
"1074" 0 72 0 0 206
"1075" 1 14 0 0 118
"1076" 0 52 0 0 102
"1077" 0 24 0 0 299
"1078" 0 29 0 0 143
"1079" 0 46 0 0 72
"1080" 0 57 0 0 136
"1081" 1 74 0 0 167
"1082" 1 78 0 0 313
"1083" 1 84 0 0 103
"1084" 1 30 0 0 189
"1085" 0 46 0 1 60
"1086" 0 57 0 0 221
"1087" 0 22 1 0 186
"1088" 0 30 0 0 336
"1090" 0 73 0 0 47
"1091" 0 59 0 0 140
"1092" 0 34 0 0 26
"1093" 0 14 1 1 33
"1094" 0 24 1 0 313
"1095" 0 19 0 0 229
"1096" 0 56 0 0 181
"1097" 0 25 0 0 20
"1098" 0 76 0 0 363
"1099" 0 78 0 0 315
"1100" 0 18 0 0 170
"1101" 0 62 0 0 277
"1102" 0 20 0 0 233
"1103" 0 44 0 0 103
"1104" 1 84 0 0 145
"1105" 0 49 0 0 140
"1106" 0 78 0 0 228
"1107" 0 18 0 0 312
"1108" 1 27 1 0 286
"1109" 0 18 0 0 333
"1110" 0 61 1 0 249
"1111" 1 81 0 0 188
"1112" 0 85 0 0 310
"1113" 0 56 0 0 113
"1114" 0 33 0 0 126
"1115" 1 81 1 1 31
"1116" 0 21 0 0 109
"1117" 0 32 0 0 244
"1118" 1 37 0 1 26
"1119" 0 81 0 1 25
"1120" 0 73 0 0 145
"1121" 0 33 0 0 32
"1122" 1 45 1 0 340
"1123" 1 57 0 0 154
"1124" 0 83 0 0 203
"1125" 0 69 0 0 132
"1126" 0 57 1 1 9
"1127" 0 84 1 0 343
"1128" 0 30 1 0 191
"1129" 0 85 1 0 38
"1130" 0 55 0 0 181
"1131" 0 35 0 1 240
"1132" 1 26 0 0 190
"1133" 0 38 0 1 168
"1134" 1 66 1 1 68
"1135" 0 81 0 0 316
"1136" 0 78 0 0 275
"1137" 0 46 0 0 350
"1138" 0 67 0 1 25
"1139" 0 83 0 0 63
"1140" 0 26 0 0 215
"1141" 0 49 0 0 48
"1142" 1 60 0 0 362
"1143" 0 62 0 0 219
"1144" 0 33 0 0 233
"1145" 0 17 0 0 126
"1146" 1 80 1 0 222
"1147" 0 61 0 0 180
"1148" 0 47 0 0 359
"1149" 0 58 0 1 56
"1150" 0 64 0 0 334
"1151" 0 23 0 1 44
"1152" 0 68 0 0 6
"1153" 0 64 0 0 237
"1154" 0 77 0 0 268
"1155" 0 42 0 0 182
"1156" 1 57 0 0 68
"1157" 1 25 1 0 115
"1158" 0 66 0 0 363
"1159" 0 56 1 0 223
"1160" 0 47 0 0 191
"1161" 0 51 0 0 189
"1162" 0 26 0 0 32
"1163" 0 37 0 0 258
"1164" 0 71 0 0 222
"1165" 0 49 1 0 211
"1166" 0 62 0 0 73
"1167" 0 81 1 0 84
"1168" 0 44 0 1 150
"1169" 0 63 0 0 19
"1170" 0 33 0 1 202
"1171" 1 67 0 0 154
"1172" 0 36 0 0 355
"1173" 0 68 0 0 9
"1174" 0 60 0 0 215
"1175" 1 79 0 0 109
"1176" 0 63 0 1 47
"1177" 0 79 0 0 319
"1178" 0 39 0 1 183
"1179" 1 52 0 1 154
"1180" 0 22 0 1 227
"1181" 0 62 0 0 104
"1182" 0 19 0 0 295
"1183" 0 72 0 0 308
"1184" 0 37 0 0 141
"1185" 1 22 0 1 9
"1186" 1 49 0 0 38
"1187" 0 40 0 0 163
"1188" 0 23 1 1 81
"1189" 0 15 0 0 355
"1190" 0 47 1 0 69
"1191" 0 23 0 0 358
"1192" 0 56 0 0 35
"1193" 0 65 0 0 64
"1194" 0 81 0 0 270
"1195" 1 56 0 0 60
"1196" 0 50 1 1 222
"1197" 0 23 0 0 1
"1198" 0 32 0 0 74
"1199" 1 66 0 0 296
"1200" 0 54 0 0 145
"1201" 0 84 1 0 235
"1202" 0 74 0 0 155
"1203" 0 80 1 1 84
"1204" 1 82 1 0 201
"1205" 0 44 0 0 80
"1206" 1 26 0 0 41
"1207" 0 18 1 1 209
"1208" 0 78 0 0 222
"1209" 0 53 0 0 339
"1210" 0 84 0 0 214
"1211" 0 71 0 1 31
"1212" 0 48 1 0 54
"1213" 0 23 0 0 43
"1214" 1 54 0 0 361
"1215" 0 67 0 1 265
"1216" 0 36 0 0 248
"1217" 1 20 0 0 5
"1218" 0 18 0 1 21
"1219" 0 25 1 0 326
"1220" 0 14 1 0 299
"1221" 0 25 0 0 12
"1222" 0 36 0 0 357
"1223" 0 15 0 0 79
"1224" 0 66 0 0 1
"1225" 0 55 0 1 226
"1226" 0 67 0 0 162
"1227" 0 35 0 0 220
"1228" 0 83 0 1 81
"1229" 0 68 0 0 146
"1230" 0 61 0 0 226
"1231" 1 18 0 0 257
"1232" 0 30 0 0 123
"1233" 0 62 0 1 84
"1234" 0 74 0 0 63
"1235" 0 54 0 0 304
"1236" 0 24 0 0 349
"1237" 0 30 0 1 190
"1238" 0 74 1 0 43
"1239" 0 65 0 0 76
"1240" 0 44 1 0 310
"1241" 0 64 0 0 250
"1242" 0 71 1 1 1
"1243" 1 17 0 0 205
"1244" 0 20 0 0 305
"1245" 0 23 0 0 38
"1246" 1 53 0 0 298
"1247" 0 67 1 0 27
"1248" 0 42 0 0 166
"1249" 0 67 0 0 69
"1250" 1 70 0 1 59
"1251" 0 66 0 0 318
"1252" 0 66 0 0 138
"1253" 0 76 0 0 26
"1254" 0 21 0 0 50
"1255" 0 45 0 0 44
"1256" 0 66 0 0 355
"1257" 0 63 0 0 217
"1258" 0 74 0 1 206
"1259" 1 30 0 0 297
"1260" 0 51 0 0 232
"1261" 1 49 0 0 25
"1262" 1 25 0 0 294
"1263" 0 56 0 0 107
"1264" 0 24 0 0 163
"1265" 0 21 0 0 301
"1266" 0 53 0 0 84
"1267" 1 66 0 0 61
"1268" 0 37 0 0 194
"1269" 0 65 0 0 220
"1270" 0 79 0 0 173
"1271" 0 16 0 0 72
"1272" 0 53 0 0 95
"1273" 1 33 1 0 230
"1274" 0 33 0 0 26
"1275" 0 83 0 0 152
"1276" 1 30 0 0 233
"1277" 0 82 0 0 225
"1278" 0 67 1 0 107
"1279" 0 57 0 0 2
"1280" 1 37 1 0 96
"1281" 0 46 0 0 56
"1282" 0 23 1 1 18
"1283" 1 77 0 0 31
"1284" 0 22 1 0 250
"1285" 0 48 0 0 285
"1286" 0 24 0 0 11
"1287" 1 69 0 0 285
"1288" 1 19 0 0 282
"1289" 0 23 0 0 254
"1290" 1 76 0 1 266
"1291" 0 49 0 0 304
"1292" 1 19 1 0 242
"1293" 0 33 0 0 222
"1294" 1 71 0 0 63
"1295" 0 40 0 0 212
"1296" 0 62 0 0 109
"1297" 0 70 0 0 97
"1298" 0 83 0 0 258
"1299" 0 77 0 0 301
"1300" 0 63 0 0 161
"1301" 0 40 0 1 64
"1302" 0 22 0 0 125
"1303" 1 13 0 0 351
"1304" 1 79 0 0 61
"1305" 0 63 0 0 102
"1306" 0 13 0 0 67
"1307" 0 28 0 0 39
"1308" 0 20 0 0 61
"1309" 1 19 0 0 155
"1310" 1 72 1 1 119
"1311" 0 24 0 0 309
"1312" 1 72 0 0 302
"1313" 0 59 0 0 84
"1314" 0 51 0 1 191
"1315" 0 82 0 0 120
"1316" 0 70 0 0 290
"1317" 0 70 0 0 351
"1318" 1 29 0 0 102
"1319" 1 74 1 0 89
"1320" 0 31 0 0 64
"1321" 1 61 0 0 221
"1322" 1 25 0 0 321
"1323" 0 37 0 0 77
"1324" 0 41 0 0 7
"1325" 0 29 0 1 15
"1326" 1 33 0 1 166
"1327" 0 52 0 0 234
"1328" 0 66 0 0 127
"1329" 0 37 0 0 101
"1330" 0 62 0 0 110
"1331" 0 20 0 0 95
"1332" 0 49 0 0 99
"1333" 1 57 0 1 78
"1334" 0 76 0 0 19
"1335" 1 58 0 0 357
"1336" 0 66 0 0 52
"1337" 0 79 0 0 191
"1338" 0 19 0 0 125
"1339" 0 54 0 0 346
"1340" 0 83 0 0 317
"1341" 0 81 0 0 160
"1342" 0 38 0 0 149
"1343" 1 52 0 0 268
"1344" 1 63 0 0 40
"1345" 0 43 0 0 35
"1346" 0 74 0 0 60
"1347" 0 69 0 0 295
"1348" 0 68 0 0 2
"1349" 0 63 0 0 264
"1350" 0 79 0 0 15
"1351" 0 50 0 0 39
"1352" 0 78 0 0 294
"1353" 1 18 0 1 4
"1354" 0 35 0 0 103
"1355" 0 68 0 1 150
"1356" 0 39 1 0 212
"1357" 1 35 1 1 12
"1358" 0 34 0 0 119
"1359" 1 14 0 0 359
"1360" 1 46 0 0 308
"1361" 0 54 1 0 250
"1362" 1 44 0 1 213
"1363" 0 67 0 0 288
"1364" 0 38 0 0 224
"1365" 0 26 0 0 362
"1366" 0 66 0 0 68
"1367" 1 19 0 1 44
"1368" 0 17 0 0 10
"1369" 1 31 0 0 280
"1370" 0 24 0 0 281
"1371" 0 49 0 0 44
"1372" 0 80 0 0 259
"1373" 0 69 0 0 43
"1374" 0 65 0 0 53
"1375" 0 15 1 1 7
"1376" 0 19 0 0 112
"1377" 0 38 0 0 332
"1378" 0 67 1 1 142
"1379" 1 25 0 1 31
"1380" 1 58 0 0 51
"1381" 0 74 0 0 287
"1382" 1 14 0 0 142
"1383" 0 40 0 0 176
"1384" 1 60 1 0 192
"1385" 0 74 0 0 81
"1386" 1 22 0 0 7
"1387" 0 58 0 0 82
"1389" 0 37 0 0 159
"1390" 0 26 0 0 212
"1391" 1 41 0 0 308
"1392" 0 14 0 1 132
"1393" 0 56 0 0 109
"1394" 0 79 0 1 22
"1395" 1 66 0 0 338
"1396" 0 43 0 0 309
"1397" 1 76 1 0 348
"1398" 0 16 0 0 156
"1399" 0 43 0 0 248
"1400" 0 64 0 0 70
"1401" 0 66 0 0 86
"1402" 0 43 0 0 225
"1403" 0 70 0 0 184
"1404" 1 33 0 0 230
"1405" 0 57 0 1 235
"1406" 1 64 0 1 41
"1407" 0 70 0 0 364
"1408" 0 22 1 0 72
"1409" 0 66 1 0 118
"1410" 1 85 0 0 258
"1411" 0 52 0 1 66
"1412" 0 29 0 0 200
"1413" 0 64 0 0 226
"1414" 0 85 0 0 40
"1415" 0 14 0 1 147
"1416" 0 72 0 0 14
"1417" 1 41 0 0 350
"1418" 0 52 0 0 57
"1419" 0 27 0 1 141
"1420" 0 40 0 0 167
"1421" 0 26 0 0 315
"1422" 0 19 0 0 34
"1423" 0 25 0 0 115
"1424" 0 49 0 0 29
"1425" 0 35 0 0 173
"1426" 0 21 0 0 110
"1427" 1 43 0 0 234
"1428" 0 34 0 0 305
"1429" 0 48 0 0 131
"1430" 0 71 1 0 161
"1431" 1 74 0 0 197
"1432" 0 56 0 0 267
"1434" 0 74 0 1 62
"1435" 0 45 1 1 69
"1436" 0 69 0 0 175
"1437" 0 72 0 1 299
"1438" 0 20 0 0 56
"1439" 0 34 0 0 51
"1440" 0 83 1 0 92
"1441" 1 48 0 0 215
"1442" 0 68 1 0 83
"1443" 0 54 0 0 329
"1444" 0 23 0 0 38
"1445" 0 60 0 0 271
"1446" 1 73 0 0 260
"1447" 1 14 1 0 164
"1448" 0 23 0 1 8
"1449" 0 55 0 0 206
"1450" 1 14 0 0 161
"1451" 1 42 0 0 175
"1452" 1 19 1 0 296
"1453" 0 39 0 0 164
"1454" 1 45 0 0 157
"1455" 0 75 0 0 171
"1456" 0 60 0 1 97
"1457" 1 51 1 1 8
"1458" 0 14 0 0 8
"1459" 0 67 1 0 343
"1460" 0 64 0 0 131
"1461" 0 34 0 0 263
"1462" 0 69 0 0 118
"1463" 0 48 0 0 352
"1464" 0 51 0 0 231
"1465" 1 44 0 0 257
"1466" 0 83 0 0 64
"1467" 0 17 0 0 291
"1468" 0 78 0 0 193
"1469" 0 16 0 1 102
"1470" 1 30 0 0 153
"1471" 0 75 1 0 227
"1472" 0 26 1 0 35
"1473" 1 68 0 0 162
"1474" 1 68 0 0 40
"1475" 0 64 0 0 46
"1476" 0 84 0 0 265
"1477" 1 20 0 1 49
"1478" 0 85 0 0 96
"1479" 0 31 0 0 247
"1480" 1 14 0 0 263
"1481" 0 23 0 0 297
"1482" 0 38 0 0 48
"1483" 0 72 1 0 79
"1484" 1 58 0 0 213
"1485" 0 39 0 0 132
"1486" 0 31 1 0 206
"1487" 0 54 0 0 246
"1488" 0 53 0 0 334
"1489" 0 47 0 1 230
"1490" 0 27 0 0 68
"1491" 0 64 0 0 228
"1492" 0 52 0 0 351
"1493" 0 73 0 0 285
"1494" 1 45 0 0 178
"1495" 0 53 0 0 139
"1496" 1 56 0 0 92
"1497" 0 63 1 0 227
"1498" 0 37 0 0 275
"1499" 0 34 0 0 12
"1500" 0 84 0 0 297
"1501" 0 72 0 0 263
"1502" 0 51 1 0 72
"1503" 0 65 1 0 320
"1504" 0 17 0 0 83
"1505" 0 77 1 0 42
"1506" 0 27 0 0 240
"1507" 0 73 0 0 44
"1508" 0 83 0 0 104
"1509" 0 74 0 0 347
"1510" 0 36 0 0 212
"1511" 0 62 0 0 249
"1512" 0 28 0 0 134
"1513" 0 54 0 0 156
"1514" 1 62 0 0 159
"1515" 1 72 1 0 214
"1516" 0 37 0 0 295
"1517" 0 57 0 0 64
"1518" 0 54 0 0 196
"1519" 0 37 0 0 50
"1520" 0 42 0 0 249
"1521" 0 45 0 0 267
"1522" 0 73 0 0 362
"1523" 0 77 0 0 183
"1524" 1 50 1 0 88
"1525" 0 60 0 0 183
"1526" 1 56 0 0 216
"1527" 0 47 0 0 222
"1528" 0 60 0 0 247
"1529" 0 61 1 1 14
"1530" 0 64 0 0 314
"1531" 0 15 0 0 71
"1532" 0 46 0 0 263
"1533" 0 30 1 1 195
"1534" 0 77 1 0 322
"1535" 0 51 0 0 137
"1536" 0 65 0 0 61
"1537" 0 79 0 1 8
"1538" 0 47 1 0 341
"1539" 0 36 0 0 30
"1540" 0 46 0 1 162
"1541" 0 50 0 0 354
"1542" 1 76 0 1 298
"1543" 0 25 0 0 334
"1544" 1 71 0 0 72
"1545" 0 74 0 0 207
"1546" 0 68 0 0 177
"1547" 1 13 1 0 115
"1548" 0 28 0 1 172
"1549" 0 82 0 0 15
"1550" 0 45 1 0 128
"1551" 0 15 0 0 337
"1552" 0 74 0 0 162
"1553" 1 46 0 0 150
"1554" 0 16 0 1 278
"1555" 1 50 0 0 91
"1556" 0 55 0 0 332
"1557" 1 28 1 0 5
"1558" 0 37 0 0 101
"1559" 0 52 0 1 85
"1560" 0 35 1 0 356
"1561" 0 51 1 0 44
"1562" 0 35 0 0 149
"1563" 1 56 0 0 152
"1564" 0 35 0 0 192
"1565" 0 25 1 0 43
"1566" 0 56 0 0 196
"1567" 0 14 0 0 85
"1568" 0 29 0 0 34
"1569" 0 30 0 0 72
"1570" 1 31 0 0 122
"1571" 0 43 0 0 3
"1572" 1 47 0 1 353
"1573" 0 21 0 0 14
"1574" 1 39 0 1 203
"1575" 0 67 0 0 214
"1576" 0 49 0 0 250
"1577" 0 34 1 1 13
"1578" 0 27 0 0 314
"1579" 0 21 0 0 66
"1580" 0 55 0 0 222
"1581" 0 58 0 0 102
"1582" 0 73 1 0 157
"1583" 0 34 0 0 305
"1584" 0 63 0 0 85
"1585" 0 33 0 1 125
"1586" 0 85 0 0 73
"1587" 0 57 0 0 62
"1588" 0 34 0 0 349
"1589" 0 72 0 0 356
"1590" 0 48 0 0 53
"1591" 0 71 1 0 320
"1592" 0 36 0 0 356
"1593" 1 31 1 1 27
"1594" 0 32 0 0 28
"1595" 0 23 0 1 211
"1596" 0 24 1 0 128
"1597" 0 67 0 0 224
"1598" 1 76 0 0 164
"1599" 1 70 1 0 60
"1600" 0 46 1 0 186
"1601" 0 59 0 1 30
"1602" 1 31 0 0 335
"1603" 1 76 0 0 136
"1604" 0 52 0 0 30
"1605" 1 50 0 0 45
"1606" 0 23 0 0 234
"1607" 0 34 1 1 45
"1608" 0 62 1 0 86
"1609" 0 61 0 0 117
"1610" 0 85 0 0 309
"1611" 0 24 0 0 207
"1612" 0 76 1 1 82
"1613" 1 68 0 0 99
"1614" 0 66 0 0 117
"1615" 0 64 0 0 10
"1616" 0 75 0 0 260
"1617" 0 60 0 0 301
"1618" 0 46 1 0 22
"1619" 0 57 0 0 295
"1620" 0 50 0 0 139
"1621" 0 82 0 0 13
"1622" 1 77 0 0 219
"1623" 0 21 0 0 230
"1624" 0 54 0 1 239
"1625" 0 69 0 0 176
"1626" 0 63 1 0 262
"1627" 0 66 0 0 208
"1628" 0 66 0 0 205
"1629" 1 36 1 0 2
"1630" 0 31 0 1 3
"1631" 0 55 0 1 85
"1632" 0 70 1 0 296
"1633" 0 46 0 0 221
"1634" 0 71 0 1 68
"1635" 0 54 0 0 46
"1636" 0 25 0 1 16
"1637" 1 31 0 1 19
"1638" 0 37 0 1 1
"1639" 0 68 0 0 334
"1640" 0 73 0 0 280
"1641" 1 61 0 0 318
"1642" 0 56 1 1 180
"1643" 0 49 0 0 166
"1644" 0 73 0 0 138
"1645" 0 84 1 0 314
"1646" 0 30 1 0 218
"1647" 0 34 0 0 187
"1648" 1 42 0 0 127
"1649" 0 44 0 0 143
"1650" 0 31 0 0 43
"1652" 1 80 0 0 101
"1653" 1 81 1 0 44
"1654" 0 30 0 0 60
"1655" 0 79 0 0 88
"1656" 0 38 0 0 84
"1657" 1 32 0 0 135
"1658" 0 19 0 0 337
"1659" 0 22 0 0 256
"1660" 0 74 0 0 320
"1661" 0 81 0 0 340
"1662" 0 70 0 0 202
"1663" 0 34 0 0 14
"1664" 0 54 0 0 354
"1665" 1 56 0 0 331
"1666" 0 30 0 0 241
"1667" 0 51 0 0 86
"1668" 0 35 0 0 50
"1669" 0 50 0 0 47
"1670" 0 17 0 0 334
"1671" 0 79 0 0 308
"1672" 0 83 0 1 68
"1673" 0 60 0 0 19
"1674" 0 29 0 1 248
"1675" 1 83 0 0 38
"1676" 0 66 0 0 188
"1677" 0 61 0 1 51
"1678" 1 45 0 0 91
"1679" 0 36 0 0 7
"1680" 1 84 0 0 47
"1681" 0 72 0 0 310
"1682" 0 22 0 1 123
"1683" 1 13 0 0 170
"1684" 0 38 0 0 83
"1685" 0 49 0 0 7
"1686" 1 54 0 0 346
"1687" 0 64 0 0 23
"1688" 0 63 1 0 206
"1689" 0 67 0 0 75
"1690" 0 58 0 0 55
"1691" 0 50 0 0 186
"1692" 0 43 0 0 55
"1693" 1 38 0 1 15
"1694" 0 21 1 0 11
"1695" 1 67 0 0 94
"1696" 0 16 1 0 88
"1697" 0 72 1 0 344
"1698" 0 39 0 0 117
"1699" 0 78 0 1 176
"1700" 0 16 0 0 50
"1701" 0 52 0 0 287
"1702" 0 65 0 0 218
"1703" 0 27 0 0 125
"1704" 1 26 0 1 166
"1705" 0 44 0 0 122
"1706" 1 66 0 0 111
"1707" 0 42 1 0 101
"1708" 0 14 0 0 8
"1709" 1 42 1 0 239
"1710" 0 36 0 0 83
"1711" 0 81 1 0 291
"1712" 0 84 0 0 150
"1713" 0 72 1 0 170
"1714" 0 61 0 0 170
"1715" 1 56 0 0 23
"1716" 0 82 0 0 211
"1717" 0 60 0 0 204
"1718" 1 76 0 1 249
"1719" 0 32 0 1 124
"1720" 0 54 0 0 269
"1721" 0 27 0 0 228
"1722" 0 22 1 0 233
"1723" 0 79 0 0 123
"1724" 0 55 0 0 197
"1725" 0 33 0 0 359
"1726" 0 13 0 0 67
"1727" 0 59 0 1 84
"1728" 0 77 0 1 4
"1729" 0 64 0 0 188
"1730" 0 43 1 1 38
"1731" 0 15 0 1 20
"1732" 0 45 1 1 313
"1733" 0 49 0 0 248
"1734" 0 53 0 0 292
"1735" 0 56 0 0 18
"1736" 0 14 0 0 358
"1737" 0 80 0 0 290
"1738" 0 44 1 1 3
"1739" 0 65 0 0 107
"1740" 0 49 0 0 30
"1741" 0 18 0 0 126
"1742" 0 52 0 0 213
"1743" 0 67 1 0 19
"1744" 0 43 0 0 332
"1745" 1 13 0 0 18
"1746" 0 48 0 0 354
"1747" 0 40 1 0 207
"1748" 0 32 0 0 238
"1749" 0 70 0 0 119
"1750" 1 25 0 1 138
"1751" 0 37 0 0 234
"1752" 0 27 1 0 230
"1753" 0 67 0 0 338
"1754" 0 26 0 0 272
"1755" 0 37 0 0 159
"1756" 1 16 0 0 47
"1757" 0 15 0 0 4
"1758" 0 69 0 0 63
"1759" 0 19 0 0 347
"1760" 0 59 0 0 302
"1761" 0 51 1 0 214
"1762" 0 50 1 1 19
"1763" 0 56 0 0 189
"1764" 0 62 0 0 272
"1765" 1 53 0 0 129
"1766" 0 42 0 0 176
"1767" 0 75 0 0 131
"1768" 0 30 1 0 14
"1769" 0 30 0 0 37
"1770" 0 68 0 0 211
"1771" 0 56 0 0 243
"1772" 0 32 0 0 111
"1773" 0 59 0 0 160
"1774" 1 43 0 0 350
"1775" 0 42 1 0 151
"1776" 0 35 0 0 185
"1777" 0 57 1 0 300
"1778" 0 41 0 0 325
"1779" 0 61 0 0 181
"1780" 0 37 0 0 161
"1781" 0 47 1 0 360
"1782" 0 63 0 0 183
"1783" 0 81 0 0 175
"1784" 0 25 0 0 342
"1785" 0 21 0 0 335
"1786" 0 73 0 1 36
"1787" 0 41 0 0 216
"1788" 0 75 1 1 146
"1789" 1 56 0 0 316
"1790" 0 72 0 0 339
"1791" 0 78 0 0 110
"1792" 0 76 0 1 153
"1793" 1 49 0 0 154
"1794" 1 67 1 0 87
"1795" 0 34 0 0 264
"1796" 0 57 0 1 58
"1797" 1 13 1 0 330
"1798" 0 38 0 0 22
"1799" 0 82 0 1 142
"1800" 0 68 0 0 234
"1801" 0 50 0 0 155
"1802" 1 37 0 0 136
"1803" 0 37 0 0 294
"1804" 0 33 0 0 96
"1805" 1 74 0 0 331
"1806" 0 52 0 0 205
"1807" 1 42 0 0 297
"1808" 1 58 0 0 14
"1809" 0 24 1 0 301
"1810" 0 41 0 0 282
"1811" 0 51 0 0 80
"1812" 1 75 1 1 288
"1813" 1 59 1 0 38
"1814" 1 24 0 0 272
"1815" 0 71 0 0 50
"1816" 0 52 1 0 287
"1817" 0 49 1 0 168
"1818" 1 32 0 0 324
"1819" 1 13 0 0 4
"1820" 0 74 0 0 167
"1821" 0 23 0 0 121
"1822" 0 70 0 0 140
"1823" 0 49 1 0 224
"1824" 1 83 0 0 321
"1825" 0 66 1 0 307
"1826" 0 36 0 0 123
"1827" 0 79 0 0 32
"1828" 0 37 0 0 265
"1829" 1 32 0 0 236
"1830" 1 68 0 0 279
"1831" 0 73 1 0 94
"1832" 0 72 0 0 89
"1833" 1 79 1 0 255
"1834" 0 33 0 0 272
"1835" 0 23 0 0 322
"1836" 0 17 0 0 199
"1837" 1 78 1 0 71
"1838" 0 45 0 0 290
"1839" 0 66 0 0 88
"1840" 0 78 0 0 61
"1841" 0 74 1 0 27
"1842" 1 54 0 0 105
"1843" 0 30 0 0 98
"1844" 0 81 0 0 326
"1845" 0 41 0 1 155
"1846" 0 80 0 0 48
"1847" 0 30 0 0 244
"1848" 0 48 0 0 303
"1849" 0 64 0 0 85
"1850" 0 58 0 0 176
"1851" 0 17 0 0 60
"1852" 1 71 0 0 11
"1853" 1 82 0 0 56
"1854" 0 26 0 0 17
"1855" 0 42 0 0 225
"1856" 1 24 0 0 134
"1857" 0 74 0 0 222
"1858" 0 54 0 0 267
"1859" 0 56 0 1 80
"1860" 0 27 0 0 112
"1861" 0 48 0 0 220
"1862" 0 44 0 0 318
"1863" 0 38 0 0 36
"1864" 0 14 0 0 344
"1865" 0 60 0 0 295
"1866" 0 53 0 0 68
"1867" 0 74 0 0 144
"1868" 0 33 0 0 55
"1869" 0 63 0 0 45
"1870" 0 80 0 0 53
"1871" 0 51 0 0 96
"1872" 0 31 0 0 317
"1873" 1 80 0 0 340
"1874" 0 22 0 0 181
"1875" 0 71 0 0 107
"1876" 1 63 0 0 295
"1877" 1 75 0 1 160
"1878" 0 39 0 0 44
"1879" 0 24 0 0 311
"1880" 0 36 0 0 284
"1881" 0 22 0 0 257
"1882" 0 21 0 1 79
"1883" 0 44 1 0 103
"1884" 0 22 1 0 249
"1885" 1 61 1 0 352
"1886" 0 78 0 0 63
"1887" 0 14 0 0 86
"1888" 0 35 1 0 147
"1889" 0 44 0 0 32
"1890" 0 45 0 0 316
"1891" 0 63 1 1 351
"1892" 0 25 0 1 190
"1893" 0 41 0 0 64
"1894" 0 33 0 0 349
"1895" 0 78 0 0 268
"1896" 0 82 0 1 58
"1897" 0 80 1 0 338
"1898" 1 68 0 0 289
"1899" 0 17 0 0 33
"1900" 0 15 0 1 4
"1901" 0 23 1 1 10
"1902" 1 68 0 0 162
"1903" 0 19 0 0 98
"1904" 1 16 0 0 52
"1905" 0 28 0 0 249
"1906" 0 49 0 0 319
"1907" 0 24 0 0 74
"1908" 0 20 0 1 72
"1909" 0 55 1 1 133
"1910" 0 78 1 0 194
"1911" 0 58 0 1 97
"1912" 0 19 1 0 316
"1913" 0 33 1 0 39
"1914" 1 42 0 0 352
"1915" 0 69 0 0 196
"1916" 0 42 1 0 218
"1917" 0 53 0 0 196
"1918" 1 49 0 0 138
"1919" 0 61 0 0 128
"1920" 0 61 0 0 231
"1921" 0 82 1 0 72
"1922" 0 24 0 0 266
"1923" 0 85 0 0 227
"1924" 0 61 0 0 293
"1925" 0 42 0 0 348
"1926" 0 64 0 0 309
"1927" 0 48 0 0 22
"1928" 0 59 1 0 275
"1929" 0 27 0 0 256
"1930" 0 22 0 1 98
"1931" 0 43 0 0 80
"1932" 0 24 0 1 233
"1933" 0 62 1 0 46
"1934" 1 47 0 0 48
"1935" 1 70 0 0 231
"1936" 0 82 0 0 102
"1937" 1 69 0 0 115
"1938" 0 66 0 0 101
"1939" 0 65 0 1 6
"1940" 0 46 0 0 29
"1941" 0 76 0 0 303
"1942" 0 62 0 0 55
"1943" 1 63 0 0 190
"1944" 0 42 0 0 64
"1945" 0 72 0 0 152
"1946" 0 44 0 0 358
"1947" 0 45 0 0 79
"1948" 0 17 0 0 65
"1949" 0 59 0 0 348
"1950" 0 81 1 0 269
"1951" 0 51 0 0 139
"1952" 0 81 0 0 276
"1953" 0 74 0 0 109
"1954" 0 22 1 0 334
"1955" 0 65 0 0 197
"1956" 0 49 0 0 200
"1957" 0 58 0 0 241
"1958" 0 77 0 1 190
"1959" 0 28 0 0 2
"1960" 0 19 0 0 294
"1961" 0 79 0 0 326
"1962" 0 42 0 0 52
"1963" 1 36 0 0 4
"1964" 0 72 0 1 81
"1965" 0 70 0 0 288
"1966" 1 77 0 1 113
"1967" 0 27 1 1 252
"1968" 0 53 1 0 214
"1969" 0 30 0 0 188
"1971" 0 69 0 1 84
"1972" 0 46 1 1 5
"1973" 0 74 0 0 313
"1974" 0 65 0 1 61
"1975" 0 31 0 0 158
"1976" 1 36 0 0 253
"1977" 0 13 0 0 78
"1978" 0 73 0 0 36
"1979" 1 36 0 0 258
"1980" 0 66 0 0 331
"1981" 0 75 0 0 334
"1982" 0 48 1 0 145
"1983" 0 39 0 0 216
"1984" 0 84 1 1 17
"1985" 1 46 0 0 310
"1986" 0 47 1 0 135
"1987" 0 75 0 0 46
"1988" 0 53 0 0 323
"1989" 0 26 0 0 122
"1990" 0 28 0 0 208
"1991" 0 68 1 1 23
"1992" 1 25 0 0 120
"1993" 0 21 0 0 57
"1994" 0 49 0 0 131
"1995" 0 14 1 1 215
"1996" 0 66 0 0 71
"1997" 0 74 0 1 166
"1998" 0 36 0 0 282
"1999" 0 82 0 0 259
"2000" 0 59 0 0 54
"2001" 0 31 0 0 100
"2002" 0 41 0 0 269
"2003" 0 84 0 0 265
"2004" 0 70 0 0 113
"2005" 0 49 0 0 27
"2006" 0 28 0 1 40
"2007" 0 82 0 0 282
"2008" 0 60 0 0 300
"2009" 0 67 0 0 11
"2010" 1 42 0 0 143
"2011" 0 34 1 0 168
"2012" 1 39 0 0 317
"2013" 0 36 0 0 294
"2014" 0 57 0 0 107
"2015" 1 16 0 0 128
"2016" 0 81 1 0 170
"2017" 0 27 0 0 271
"2018" 0 45 0 0 287
"2019" 0 56 0 0 11
"2020" 0 53 0 0 30
"2021" 1 23 0 0 228
"2022" 1 62 0 0 176
"2023" 1 24 1 1 199
"2024" 0 21 1 1 11
"2025" 1 35 1 1 257
"2026" 0 36 0 1 9
"2027" 0 70 0 0 210
"2028" 0 50 0 1 74
"2029" 0 18 0 0 279
"2030" 1 65 0 0 140
"2031" 1 36 1 0 295
"2032" 0 83 0 0 175
"2033" 1 68 0 0 238
"2034" 1 37 0 0 364
"2035" 1 80 1 0 177
"2036" 1 41 1 0 297
"2037" 0 25 0 0 84
"2038" 0 78 0 0 230
"2039" 0 53 0 0 136
"2040" 0 66 0 0 97
"2041" 0 78 0 1 52
"2042" 0 21 0 0 194
"2043" 0 55 0 0 74
"2044" 0 44 1 0 114
"2045" 0 20 1 0 139
"2046" 0 13 1 0 9
"2047" 0 45 0 0 125
"2048" 0 20 1 0 79
"2049" 0 19 0 0 122
"2050" 0 34 0 0 320
"2051" 0 30 0 0 238
"2052" 0 17 0 0 287
"2053" 1 77 1 0 134
"2054" 0 44 1 0 129
"2055" 0 15 0 0 15
"2056" 0 23 0 0 93
"2057" 0 41 0 0 97
"2058" 0 42 0 0 209
"2059" 0 17 0 0 359
"2060" 0 19 0 0 60
"2061" 0 30 1 0 86
"2062" 0 15 0 0 222
"2063" 0 32 0 1 233
"2064" 0 29 1 0 289
"2065" 1 46 0 0 105
"2066" 1 31 0 0 144
"2067" 0 20 0 0 256
"2068" 0 25 0 1 256
"2069" 1 35 1 0 139
"2070" 0 35 0 0 334
"2071" 0 46 0 1 186
"2072" 0 13 0 0 62
"2073" 0 30 0 0 149
"2074" 0 23 1 0 11
"2075" 0 26 1 0 104
"2076" 0 33 1 0 131
"2077" 0 46 0 0 132
"2078" 0 36 0 0 167
"2079" 0 59 1 0 303
"2080" 0 33 0 0 26
"2081" 0 35 0 0 92
"2082" 0 61 0 0 309
"2083" 0 63 0 0 13
"2084" 0 36 0 0 77
"2085" 0 20 0 0 246
"2086" 0 64 0 0 228
"2087" 0 27 1 0 233
"2088" 0 31 0 1 242
"2089" 0 20 0 0 35
"2090" 0 62 0 0 302
"2091" 1 14 0 0 184
"2092" 0 58 1 0 280
"2093" 0 55 1 1 17
"2094" 0 54 1 0 3
"2095" 0 16 0 1 85
"2096" 0 41 0 1 102
"2097" 0 85 1 0 276
"2098" 0 69 0 0 232
"2099" 1 41 0 1 113
"2100" 0 48 1 0 271
"2101" 0 79 1 0 335
"2102" 0 61 0 0 30
"2103" 0 34 0 0 283
"2104" 0 82 0 0 219
"2105" 0 71 0 0 70
"2106" 0 32 0 0 145
"2107" 0 83 0 1 139
"2108" 0 79 1 0 82
"2109" 1 37 1 0 210
"2110" 1 29 1 0 187
"2111" 1 32 0 0 309
"2112" 0 84 0 0 115
"2113" 0 66 1 0 284
"2114" 0 61 0 0 41
"2115" 0 62 0 0 344
"2116" 1 56 1 0 158
"2117" 1 73 0 0 207
"2118" 0 69 0 0 230
"2119" 0 40 1 0 17
"2120" 1 25 1 0 23
"2121" 1 61 0 0 191
"2122" 0 26 0 0 121
"2123" 0 60 0 1 52
"2124" 0 18 0 0 47
"2125" 0 63 0 0 363
"2126" 0 54 1 0 349
"2127" 0 40 0 1 42
"2128" 0 59 1 0 301
"2129" 1 49 0 0 45
"2130" 0 48 1 0 61
"2131" 0 64 0 0 159
"2132" 0 37 0 1 25
"2133" 0 61 1 0 355
"2134" 0 43 0 1 33
"2135" 0 55 0 0 55
"2136" 1 61 0 0 242
"2137" 0 77 0 0 136
"2138" 0 80 1 0 358
"2139" 0 54 0 0 136
"2140" 1 71 0 1 55
"2141" 1 20 0 0 195
"2142" 0 82 0 1 7
"2143" 1 38 0 0 231
"2144" 0 79 0 0 123
"2145" 0 35 1 1 7
"2146" 0 23 1 0 204
"2147" 0 31 0 0 354
"2148" 1 81 0 0 336
"2149" 1 60 1 0 16
"2150" 0 55 0 0 243
"2151" 0 75 0 1 119
"2152" 0 31 0 0 261
"2153" 0 61 1 0 126
"2154" 0 74 0 0 152
"2155" 0 81 0 0 119
"2156" 0 30 0 0 192
"2157" 1 45 0 0 115
"2158" 0 13 0 0 41
"2159" 0 27 1 0 101
"2160" 0 40 0 0 10
"2161" 1 16 1 0 264
"2162" 0 62 0 0 235
"2163" 0 79 0 1 52
"2164" 0 81 0 0 197
"2165" 1 25 0 0 171
"2166" 0 59 0 0 154
"2167" 0 59 0 0 241
"2168" 0 75 0 0 87
"2169" 0 44 0 0 108
"2170" 0 63 0 0 242
"2171" 0 62 0 0 65
"2172" 0 69 0 0 230
"2173" 1 59 0 0 19
"2174" 0 53 1 0 136
"2175" 0 19 0 0 306
"2176" 0 85 1 0 228
"2177" 0 59 1 0 320
"2178" 1 81 0 0 218
"2179" 0 28 0 0 95
"2180" 0 62 0 0 168
"2181" 0 78 0 0 122
"2182" 1 14 0 0 73
"2183" 1 24 0 0 59
"2184" 0 67 1 0 230
"2185" 0 80 0 0 265
"2186" 0 38 0 0 324
"2187" 0 52 1 0 102
"2188" 0 49 1 0 30
"2189" 1 18 1 0 32
"2190" 0 57 0 0 172
"2191" 1 65 0 0 91
"2192" 1 75 0 0 55
"2193" 0 43 0 0 137
"2194" 0 45 0 0 247
"2195" 0 19 0 0 285
"2196" 0 49 0 0 59
"2197" 1 42 1 0 67
"2198" 0 73 0 0 265
"2199" 0 32 0 0 226
"2200" 0 46 0 0 278
"2201" 0 84 0 0 340
"2202" 0 27 0 0 176
"2203" 0 73 0 0 34
"2204" 0 42 0 0 237
"2205" 0 81 0 0 52
"2206" 0 70 0 0 156
"2207" 0 76 0 0 146
"2208" 1 67 0 0 208
"2209" 0 47 0 0 6
"2210" 1 78 0 0 228
"2211" 0 16 0 0 190
"2212" 0 36 1 0 243
"2213" 1 78 0 1 133
"2214" 1 28 0 0 142
"2215" 0 21 0 0 312
"2216" 0 75 1 0 172
"2217" 1 43 0 0 121
"2218" 1 59 0 0 49
"2219" 0 37 0 0 231
"2220" 0 61 0 1 285
"2221" 0 59 0 0 243
"2222" 0 67 0 0 357
"2223" 1 23 0 1 92
"2224" 1 61 0 0 278
"2225" 0 69 1 0 153
"2226" 0 71 0 0 311
"2227" 1 45 1 0 177
"2228" 0 80 0 1 13
"2229" 0 34 0 1 36
"2230" 0 62 1 1 12
"2231" 0 26 0 0 316
"2232" 0 21 0 0 180
"2233" 0 36 1 0 203
"2234" 0 20 0 0 19
"2235" 0 58 0 0 254
"2236" 1 78 1 0 98
"2237" 0 50 1 0 319
"2238" 0 74 0 1 263
"2239" 0 74 0 0 255
"2240" 0 41 0 0 188
"2241" 0 80 0 0 176
"2242" 1 61 0 1 277
"2243" 0 60 0 0 116
"2244" 0 68 1 0 170
"2245" 1 51 0 0 352
"2246" 0 31 0 0 240
"2247" 0 31 1 0 231
"2248" 1 17 0 0 238
"2249" 0 43 0 0 125
"2250" 0 14 0 0 189
"2251" 0 51 0 0 11
"2252" 0 42 1 0 199
"2253" 0 16 0 0 293
"2254" 0 74 0 0 9
"2255" 0 43 0 0 210
"2256" 0 23 0 0 73
"2257" 0 30 0 0 345
"2258" 0 33 0 0 239
"2259" 1 38 0 0 320
"2260" 0 24 1 0 289
"2261" 1 47 1 0 165
"2262" 0 25 0 0 94
"2263" 0 35 0 0 104
"2264" 0 47 0 0 1
"2265" 0 19 0 0 319
"2266" 0 54 0 0 168
"2267" 0 78 0 0 72
"2268" 0 76 0 0 261
"2269" 0 25 1 0 329
"2270" 0 64 0 0 146
"2271" 0 22 0 0 290
"2272" 0 32 0 0 156
"2273" 0 42 0 0 153
"2274" 0 76 0 0 270
"2275" 0 51 0 0 4
"2276" 0 57 0 0 87
"2277" 0 61 1 1 96
"2278" 0 32 0 0 239
"2279" 0 81 0 1 94
"2280" 1 16 0 1 61
"2281" 0 74 0 0 279
"2282" 0 40 0 0 144
"2283" 0 49 0 0 185
"2284" 0 55 0 0 105
"2285" 1 58 0 0 342
"2286" 1 31 1 1 156
"2287" 0 23 1 0 322
"2288" 1 62 0 0 224
"2289" 1 41 0 0 303
"2290" 0 24 0 0 309
"2291" 0 32 0 0 176
"2292" 0 82 0 0 278
"2293" 0 33 0 0 99
"2294" 0 41 0 0 5
"2295" 1 26 0 0 39
"2296" 1 44 0 0 133
"2297" 0 45 1 0 282
"2298" 1 18 0 0 80
"2299" 0 24 0 0 220
"2300" 0 15 0 0 344
"2301" 1 55 0 0 341
"2302" 0 81 0 0 118
"2303" 0 83 0 0 60
"2304" 1 47 0 0 57
"2305" 0 79 0 0 314
"2306" 0 81 1 0 190
"2307" 0 39 1 0 222
"2308" 1 53 1 1 18
"2309" 0 43 0 0 172
"2310" 0 85 0 0 161
"2311" 0 62 0 0 342
"2312" 0 44 0 0 218
"2313" 0 58 0 0 179
"2314" 0 27 1 1 14
"2315" 0 40 0 0 274
"2316" 0 56 0 0 252
"2317" 0 85 0 0 269
"2318" 0 49 0 0 85
"2319" 0 54 1 1 30
"2320" 0 63 0 0 192
"2321" 0 58 0 0 127
"2322" 0 24 0 0 291
"2323" 0 80 0 0 123
"2324" 1 84 0 0 245
"2325" 0 49 0 0 82
"2326" 0 85 0 0 72
"2327" 0 78 0 0 89
"2328" 1 74 0 0 340
"2329" 0 20 0 0 234
"2330" 1 77 0 0 111
"2331" 1 18 0 0 5
"2332" 0 35 0 1 41
"2333" 0 54 0 0 126
"2334" 0 40 0 0 317
"2335" 0 68 0 0 213
"2336" 0 27 0 0 263
"2337" 0 40 0 0 348
"2338" 0 60 0 0 188
"2339" 1 32 0 0 175
"2340" 0 83 0 0 234
"2341" 1 16 0 0 48
"2342" 0 46 0 0 52
"2343" 0 15 0 0 322
"2344" 0 79 0 0 170
"2345" 0 83 0 0 71
"2346" 0 60 0 0 279
"2347" 0 76 0 1 106
"2348" 0 73 0 0 355
"2349" 1 23 0 0 149
"2350" 0 44 1 0 226
"2351" 0 49 0 0 281
"2352" 0 62 0 0 159
"2353" 0 79 0 0 158
"2354" 1 39 0 1 145
"2355" 0 17 0 0 113
"2356" 0 56 0 0 65
"2357" 1 35 0 0 299
"2358" 1 33 0 1 261
"2359" 0 38 0 0 140
"2360" 0 56 0 0 330
"2361" 0 58 0 0 112
"2362" 1 76 0 1 149
"2363" 0 56 0 0 91
"2364" 0 78 1 0 27
"2365" 0 65 0 0 156
"2366" 0 47 1 1 3
"2367" 0 35 0 1 308
"2368" 0 14 0 1 273
"2369" 1 18 1 0 106
"2370" 0 83 1 1 140
"2371" 0 41 0 0 120
"2372" 1 65 0 0 172
"2373" 0 48 1 0 206
"2374" 0 39 1 0 190
"2375" 1 73 0 0 37
"2376" 1 49 0 0 19
"2377" 0 53 0 0 333
"2378" 1 59 0 0 101
"2379" 0 46 0 0 106
"2380" 0 23 0 0 62
"2381" 0 42 0 0 204
"2382" 0 79 0 0 34
"2383" 0 55 1 0 279
"2384" 1 83 0 1 263
"2385" 0 13 0 0 268
"2386" 0 64 0 0 356
"2387" 0 33 0 0 70
"2388" 0 18 1 0 192
"2389" 0 18 0 1 291
"2390" 0 21 1 0 134
"2391" 0 77 1 0 2
"2392" 0 73 1 1 323
"2393" 0 80 1 0 149
"2394" 0 51 0 0 290
"2395" 1 52 0 0 26
"2396" 0 63 0 1 5
"2397" 0 40 1 0 90
"2398" 0 31 1 0 252
"2399" 0 33 0 0 116
"2400" 0 75 0 0 218
"2401" 0 46 0 0 305
"2402" 0 45 0 0 6
"2403" 0 58 1 0 137
"2404" 0 84 0 0 282
"2405" 0 26 0 0 294
"2406" 1 45 0 0 251
"2407" 0 20 1 0 73
"2408" 0 70 0 0 5
"2409" 0 18 0 0 113
"2410" 0 51 1 0 59
"2411" 0 85 0 1 18
"2412" 0 63 1 0 136
"2413" 0 59 0 0 126
"2414" 0 17 0 0 233
"2415" 0 33 1 0 111
"2416" 0 30 0 0 161
"2417" 1 20 1 0 318
"2418" 0 65 0 0 261
"2419" 0 39 0 0 15
"2420" 0 47 0 0 100
"2421" 1 43 0 0 259
"2422" 0 17 0 0 270
"2423" 1 43 0 0 80
"2424" 0 75 0 0 194
"2425" 0 22 1 0 310
"2426" 0 46 0 0 161
"2427" 1 13 0 0 122
"2428" 0 16 0 0 119
"2429" 0 61 0 0 168
"2430" 0 49 0 0 33
"2431" 0 44 0 0 44
"2432" 0 77 0 0 247
"2433" 1 69 0 0 54
"2434" 1 14 0 0 334
"2435" 0 47 0 0 18
"2436" 0 30 1 0 64
"2437" 1 72 1 0 291
"2438" 0 42 0 0 181
"2439" 0 48 0 0 8
"2440" 1 56 0 0 88
"2441" 1 38 0 0 284
"2442" 0 65 0 0 189
"2443" 0 44 0 0 317
"2444" 0 17 0 0 320
"2445" 1 30 0 0 195
"2446" 0 35 1 0 361
"2447" 0 74 0 0 182
"2448" 1 76 0 0 18
"2449" 1 62 0 0 311
"2450" 0 44 0 0 202
"2451" 0 13 0 0 334
"2452" 0 23 0 1 47
"2453" 0 55 0 0 307
"2454" 0 80 1 0 73
"2455" 0 32 0 0 75
"2456" 0 37 0 1 109
"2457" 1 55 1 0 26
"2458" 0 28 0 0 119
"2459" 0 15 1 0 85
"2460" 0 49 0 0 25
"2461" 1 76 0 0 319
"2462" 0 66 0 0 124
"2463" 1 29 1 0 309
"2464" 0 57 0 0 24
"2465" 0 58 0 0 162
"2466" 1 18 1 0 127
"2467" 0 51 1 0 115
"2468" 0 76 0 0 193
"2469" 0 20 0 0 271
"2470" 1 80 0 0 333
"2471" 0 14 0 1 176
"2472" 0 15 1 0 129
"2473" 0 44 1 0 67
"2474" 0 19 0 0 280
"2475" 0 54 0 0 300
"2476" 1 67 0 0 62
"2477" 0 60 0 0 326
"2478" 0 15 0 0 50
"2479" 0 80 0 0 146
"2480" 1 57 0 0 203
"2481" 0 33 0 0 154
"2482" 0 61 1 0 242
"2483" 0 51 1 0 78
"2484" 0 45 0 0 76
"2485" 0 50 0 0 45
"2486" 0 54 0 0 103
"2487" 0 71 0 0 37
"2488" 0 47 0 0 299
"2489" 0 14 1 1 6
"2490" 0 42 0 0 84
"2491" 0 27 1 0 87
"2492" 0 35 0 0 125
"2493" 0 42 0 1 76
"2494" 0 51 0 1 157
"2495" 0 46 0 1 17
"2496" 0 24 1 1 78
"2497" 0 74 0 0 162
"2498" 0 84 0 0 362
"2499" 0 25 1 0 44
"2500" 0 85 0 0 259
"2501" 0 74 0 0 9
"2502" 0 57 0 0 205
"2503" 0 32 0 0 18
"2504" 0 17 0 0 180
"2505" 1 17 0 1 99
"2506" 1 18 0 0 205
"2507" 1 84 1 1 10
"2508" 0 24 0 1 341
"2509" 1 41 0 0 347
"2510" 0 65 1 0 324
"2511" 0 19 0 1 25
"2512" 0 70 0 0 131
"2513" 1 65 0 0 152
"2514" 0 36 1 1 133
"2515" 0 66 0 0 104
"2516" 1 72 0 0 39
"2517" 0 63 0 0 41
"2518" 0 20 0 0 21
"2519" 0 75 0 0 192
"2520" 1 46 0 0 192
"2521" 0 51 0 0 285
"2522" 0 73 1 0 17
"2523" 0 19 1 0 216
"2524" 0 50 0 0 29
"2525" 0 38 0 0 231
"2526" 0 31 0 0 41
"2527" 0 70 0 0 123
"2528" 1 72 0 0 230
"2529" 0 24 0 0 44
"2530" 1 84 0 0 121
"2531" 0 54 0 0 53
"2532" 0 65 0 0 257
"2533" 0 13 0 1 50
"2534" 0 42 0 0 185
"2535" 0 55 0 0 58
"2536" 0 16 0 0 217
"2537" 0 55 0 0 31
"2538" 1 45 1 0 119
"2539" 1 83 0 0 68
"2540" 1 49 0 0 238
"2541" 0 71 1 0 136
"2542" 0 19 1 0 170
"2543" 0 26 1 0 127
"2544" 1 55 1 0 26
"2545" 0 48 0 0 26
"2546" 0 83 1 0 326
"2547" 1 19 1 0 16
"2548" 0 46 0 0 166
"2549" 0 77 0 0 173
"2550" 0 55 0 1 51
"2551" 1 73 1 0 329
"2552" 0 40 0 0 128
"2553" 1 65 0 0 236
"2554" 1 44 0 0 27
"2555" 0 70 0 1 199
"2556" 0 41 1 0 64
"2557" 0 78 0 0 357
"2558" 0 47 1 0 189
"2559" 0 52 0 0 355
"2560" 0 17 0 0 277
"2561" 0 22 0 0 189
"2562" 0 47 0 0 139
"2563" 0 69 0 0 118
"2564" 0 23 1 0 147
"2565" 0 77 0 0 120
"2566" 1 68 1 0 95
"2567" 0 27 0 0 17
"2568" 0 81 0 0 136
"2569" 0 80 0 0 333
"2570" 1 40 1 0 192
"2571" 0 50 0 0 110
"2572" 0 66 0 0 9
"2573" 1 46 0 0 76
"2574" 0 63 0 0 24
"2575" 1 85 0 0 311
"2576" 1 18 0 0 202
"2577" 0 34 0 0 282
"2578" 1 18 0 0 286
"2579" 0 61 0 0 79
"2580" 0 18 0 0 7
"2581" 0 75 0 0 58
"2582" 0 80 0 0 227
"2583" 0 31 0 0 124
"2584" 0 75 0 0 323
"2585" 1 19 1 1 30
"2586" 1 14 0 0 209
"2587" 1 85 0 0 73
"2588" 1 67 0 0 261
"2589" 0 56 0 0 236
"2590" 0 16 0 0 295
"2591" 1 16 0 0 89
"2592" 0 21 0 0 153
"2593" 0 57 0 0 64
"2594" 0 36 0 0 40
"2595" 0 21 0 0 73
"2596" 0 50 0 0 35
"2597" 0 45 0 0 262
"2598" 0 81 0 1 63
"2599" 0 30 0 1 67
"2600" 1 80 0 0 234
"2601" 0 19 0 0 42
"2602" 0 37 0 0 67
"2603" 0 67 0 0 71
"2604" 0 37 0 0 124
"2605" 0 28 0 0 85
"2606" 1 45 1 0 30
"2607" 1 33 0 0 189
"2608" 0 41 0 0 61
"2609" 0 13 0 0 9
"2610" 0 52 0 0 67
"2611" 1 72 0 0 309
"2612" 0 40 0 0 45
"2613" 0 30 0 1 238
"2614" 0 74 0 0 343
"2615" 1 81 0 0 330
"2616" 0 85 0 0 156
"2617" 0 37 0 0 179
"2618" 0 66 0 0 172
"2619" 0 59 0 0 352
"2620" 0 33 1 0 176
"2621" 0 72 0 0 89
"2622" 0 69 0 0 62
"2623" 1 36 0 0 19
"2624" 0 53 1 0 331
"2625" 0 16 0 0 116
"2626" 0 32 0 0 346
"2627" 0 72 1 0 139
"2628" 0 82 0 0 197
"2629" 0 75 0 0 11
"2630" 0 40 0 0 126
"2631" 1 59 0 0 317
"2632" 0 45 1 0 16
"2633" 0 60 0 0 136
"2634" 0 22 0 0 70
"2635" 0 16 0 0 55
"2636" 0 70 0 0 96
"2637" 0 36 0 0 192
"2638" 0 77 0 0 108
"2639" 0 63 0 0 41
"2640" 1 57 0 0 44
"2641" 0 45 0 0 209
"2642" 0 47 1 0 180
"2643" 0 16 0 0 307
"2644" 0 31 0 0 211
"2645" 0 64 0 0 229
"2646" 1 77 0 0 141
"2647" 0 49 0 0 103
"2648" 0 72 0 1 261
"2649" 1 56 0 0 78
"2650" 1 44 0 0 237
"2651" 0 27 1 0 87
"2652" 0 62 0 0 142
"2653" 0 70 0 0 117
"2654" 0 50 1 1 21
"2655" 1 15 1 0 16
"2656" 0 61 0 0 151
"2657" 0 73 0 0 106
"2658" 0 25 0 0 256
"2659" 0 13 0 0 182
"2660" 0 62 0 0 3
"2661" 0 17 0 0 308
"2662" 1 55 1 0 228
"2663" 0 52 0 0 45
"2664" 0 34 0 0 92
"2665" 0 36 0 0 87
"2666" 0 44 0 0 272
"2667" 0 84 0 0 338
"2668" 0 55 0 0 218
"2669" 0 50 0 0 44
"2670" 0 38 0 0 62
"2671" 0 63 0 0 115
"2672" 0 40 0 0 151
"2673" 1 16 1 0 307
"2674" 1 18 0 0 108
"2675" 0 49 1 0 110
"2676" 1 42 1 0 337
"2677" 0 42 0 0 42
"2678" 1 81 0 0 191
"2679" 0 33 0 0 107
"2681" 0 64 0 0 364
"2682" 1 58 0 0 203
"2683" 0 57 0 0 148
"2684" 0 38 0 0 181
"2685" 1 53 0 0 234
"2686" 0 49 0 0 311
"2687" 0 75 0 0 85
"2688" 1 62 0 0 64
"2689" 1 48 0 0 19
"2690" 0 36 1 1 220
"2691" 0 83 0 0 57
"2692" 0 45 0 0 98
"2693" 0 41 0 0 104
"2694" 0 54 0 0 252
"2695" 0 32 0 1 58
"2696" 0 31 1 0 142
"2697" 0 75 0 0 300
"2698" 0 67 1 0 248
"2699" 0 75 0 0 269
"2700" 0 53 0 0 52
"2701" 0 54 1 1 7
"2702" 0 83 0 0 192
"2703" 0 48 0 1 75
"2704" 0 83 1 0 308
"2705" 0 56 0 0 239
"2706" 0 35 0 0 263
"2707" 0 70 0 0 29
"2708" 0 58 0 0 36
"2709" 1 58 1 0 71
"2710" 0 75 1 0 341
"2711" 0 32 0 0 1
"2712" 0 76 1 0 46
"2713" 0 40 0 0 212
"2714" 1 31 0 1 129
"2715" 0 38 0 0 67
"2716" 0 44 0 0 168
"2717" 1 40 0 0 81
"2718" 0 50 0 0 102
"2719" 0 42 1 0 256
"2720" 1 63 0 0 345
"2721" 0 20 0 0 221
"2722" 0 50 0 0 244
"2723" 0 76 0 0 78
"2724" 0 26 0 1 128
"2725" 0 48 0 1 214
"2726" 1 57 0 0 295
"2727" 0 33 1 1 256
"2728" 0 15 0 1 199
"2729" 0 45 0 0 170
"2730" 0 43 0 0 353
"2731" 0 31 0 1 195
"2732" 0 39 0 0 49
"2733" 1 82 0 0 251
"2734" 0 64 0 0 94
"2735" 0 74 0 0 103
"2736" 0 54 0 0 167
"2737" 1 48 0 0 4
"2738" 0 29 0 0 83
"2739" 1 44 0 0 159
"2740" 0 45 0 0 93
"2741" 0 81 0 0 193
"2742" 0 38 0 0 123
"2743" 0 62 0 0 290
"2744" 0 62 0 0 32
"2745" 0 55 0 0 23
"2746" 0 15 0 0 127
"2747" 0 31 0 0 69
"2748" 1 18 1 0 131
"2749" 0 74 0 0 115
"2750" 0 14 0 0 121
"2751" 0 38 0 1 76
"2752" 0 40 0 0 84
"2753" 1 60 0 0 233
"2754" 0 24 0 0 208
"2755" 0 75 1 1 22
"2756" 1 79 0 0 182
"2757" 0 51 0 0 247
"2758" 0 18 0 0 47
"2759" 0 58 0 0 352
"2760" 1 30 0 0 208
"2761" 1 78 1 0 79
"2762" 1 71 1 0 115
"2763" 0 52 0 0 191
"2764" 0 79 0 0 51
"2765" 0 54 0 0 206
"2766" 0 75 0 0 338
"2767" 1 13 1 0 335
"2768" 0 81 0 0 199
"2769" 1 41 0 0 29
"2770" 0 78 0 1 231
"2771" 0 76 1 0 268
"2772" 1 76 0 0 331
"2773" 0 37 1 0 87
"2774" 0 52 0 0 228
"2775" 1 16 0 1 175
"2776" 0 49 0 0 356
"2777" 0 24 0 0 183
"2778" 1 81 0 0 200
"2779" 0 43 0 0 272
"2780" 0 72 1 1 24
"2781" 0 40 0 0 238
"2782" 1 45 0 1 70
"2783" 0 60 1 0 3
"2784" 0 85 0 0 18
"2785" 0 29 0 1 107
"2786" 1 71 0 0 30
"2787" 0 71 0 0 326
"2788" 1 63 0 0 230
"2789" 0 26 0 0 10
"2790" 0 68 0 0 308
"2791" 0 25 0 0 19
"2792" 1 31 1 0 194
"2793" 0 45 0 0 39
"2794" 0 29 0 0 83
"2795" 0 72 1 1 13
"2796" 0 68 0 0 78
"2797" 0 51 0 0 243
"2798" 0 45 1 0 105
"2799" 0 66 0 0 228
"2800" 0 37 0 0 179
"2801" 1 36 1 1 49
"2802" 0 45 0 0 244
"2803" 0 61 0 0 16
"2804" 0 25 0 0 285
"2805" 1 26 0 0 155
"2806" 0 63 0 0 139
"2807" 0 33 0 0 275
"2808" 1 59 0 0 340
"2809" 0 66 1 1 117
"2810" 0 28 0 0 280
"2811" 1 20 0 1 128
"2812" 0 44 0 0 261
"2813" 1 21 0 0 55
"2814" 0 55 1 0 20
"2815" 0 81 0 0 342
"2816" 0 63 0 0 199
"2817" 0 66 1 0 146
"2818" 0 47 0 0 288
"2819" 0 35 0 0 227
"2820" 0 61 0 0 62
"2821" 0 25 0 0 297
"2822" 1 51 0 0 208
"2823" 0 65 0 0 205
"2824" 1 18 0 0 315
"2825" 0 80 0 0 272
"2826" 1 53 0 1 15
"2827" 0 77 1 0 57
"2828" 0 65 0 0 166
"2829" 0 32 0 0 349
"2830" 0 27 0 0 274
"2831" 0 65 0 0 63
"2832" 0 20 0 0 143
"2833" 0 64 0 0 280
"2834" 0 26 0 0 211
"2835" 0 40 0 0 301
"2836" 0 48 1 0 44
"2837" 0 47 0 0 19
"2838" 0 63 0 0 195
"2839" 0 29 0 0 201
"2840" 0 74 0 0 300
"2841" 0 57 0 0 33
"2842" 0 37 0 0 71
"2843" 1 67 0 0 45
"2844" 0 17 0 0 292
"2845" 0 74 0 0 116
"2846" 0 83 0 0 1
"2847" 0 54 0 0 285
"2848" 0 20 0 0 272
"2849" 1 41 0 1 45
"2850" 0 35 0 1 87
"2851" 0 47 0 0 243
"2852" 0 47 0 0 75
"2853" 0 71 0 1 46
"2854" 0 38 0 1 18
"2855" 0 40 0 0 241
"2856" 1 16 1 0 191
"2857" 0 23 1 0 221
"2858" 0 48 0 1 58
"2859" 1 25 0 0 175
"2860" 0 42 0 0 250
"2861" 0 67 1 1 9
"2862" 1 16 0 0 235
"2863" 0 27 0 0 81
"2864" 0 85 0 0 143
"2865" 0 66 0 0 183
"2866" 0 28 1 0 85
"2867" 0 47 1 0 306
"2868" 0 42 0 0 294
"2869" 0 52 1 0 201
"2870" 1 76 0 0 59
"2871" 1 42 0 0 33
"2872" 0 16 0 0 170
"2873" 0 49 0 0 99
"2874" 0 35 0 0 359
"2875" 0 46 0 1 225
"2876" 0 85 0 1 317
"2877" 0 18 0 0 266
"2878" 0 66 0 1 131
"2879" 0 53 0 0 6
"2880" 0 14 0 0 20
"2881" 1 41 1 0 281
"2882" 0 14 1 0 302
"2883" 0 51 0 0 334
"2884" 0 69 0 0 12
"2885" 0 26 0 0 267
"2886" 0 59 0 0 269
"2887" 0 80 0 0 3
"2888" 0 28 0 0 237
"2889" 0 16 0 0 160
"2890" 0 81 0 0 247
"2891" 0 84 0 0 8
"2892" 1 79 1 1 23
"2893" 0 24 1 0 240
"2894" 1 26 0 1 155
"2895" 0 37 0 1 306
"2896" 0 28 0 0 233
"2897" 0 48 0 0 300
"2898" 0 61 0 0 157
"2899" 0 36 0 0 253
"2900" 0 27 0 0 63
"2901" 0 48 1 0 170
"2902" 0 65 0 0 139
"2903" 0 73 0 0 124
"2904" 0 38 1 0 115
"2905" 1 59 1 1 11
"2906" 0 63 1 1 50
"2907" 0 40 0 1 25
"2908" 0 47 0 0 102
"2909" 0 14 0 0 90
"2910" 0 82 0 0 274
"2911" 0 84 0 0 223
"2912" 1 20 0 0 32
"2913" 0 61 0 0 200
"2914" 0 67 1 0 238
"2915" 0 28 0 0 242
"2916" 0 15 0 0 326
"2917" 0 49 0 0 250
"2919" 1 46 0 1 49
"2920" 1 44 0 0 246
"2921" 0 49 0 1 102
"2922" 0 71 0 0 264
"2923" 0 44 0 0 175
"2924" 0 66 1 1 44
"2925" 0 73 0 0 197
"2926" 0 20 0 0 360
"2927" 1 30 1 0 11
"2928" 0 60 0 0 308
"2929" 0 17 0 0 17
"2930" 0 59 1 0 341
"2931" 0 34 1 1 9
"2932" 0 29 0 0 340
"2933" 0 32 0 0 169
"2934" 1 30 0 0 279
"2935" 0 16 0 1 23
"2936" 0 37 0 0 337
"2937" 0 83 1 0 354
"2938" 1 37 0 0 162
"2939" 0 50 0 0 42
"2940" 0 70 0 0 90
"2941" 0 45 0 0 13
"2942" 0 25 0 0 162
"2943" 0 62 0 0 113
"2944" 1 73 0 0 148
"2945" 0 18 1 0 145
"2946" 0 78 0 0 155
"2947" 0 24 0 0 86
"2948" 0 71 1 0 76
"2949" 0 66 0 0 211
"2950" 0 47 0 0 196
"2951" 0 19 0 0 233
"2952" 0 54 0 1 105
"2953" 0 80 0 0 77
"2954" 0 50 0 0 354
"2955" 0 73 0 0 132
"2956" 0 39 0 0 262
"2957" 0 72 0 0 9
"2958" 0 35 0 0 276
"2959" 0 42 0 0 339
"2960" 0 14 1 0 132
"2961" 0 72 0 0 348
"2962" 0 17 1 0 17
"2963" 0 61 1 0 73
"2964" 0 60 0 0 180
"2965" 0 66 0 0 305
"2966" 0 33 0 0 353
"2967" 0 55 0 1 81
"2968" 1 48 0 0 204
"2969" 0 36 0 0 189
"2970" 0 45 0 1 41
"2971" 0 31 1 1 16
"2972" 0 56 0 0 203
"2973" 0 41 0 0 188
"2974" 0 63 0 0 95
"2975" 1 33 0 1 92
"2976" 0 25 0 0 24
"2977" 1 56 0 0 329
"2978" 0 41 0 0 37
"2979" 1 83 0 0 335
"2980" 0 81 0 0 13
"2981" 0 37 1 0 239
"2982" 0 48 0 0 75
"2983" 0 29 0 0 54
"2984" 0 84 0 0 319
"2985" 0 73 0 0 315
"2986" 0 24 0 0 228
"2987" 0 73 1 1 43
"2988" 1 56 0 0 53
"2989" 0 70 0 0 200
"2990" 0 32 0 0 171
"2991" 0 18 0 0 304
"2992" 0 34 0 0 107
"2993" 0 58 1 1 10
"2994" 1 72 0 0 223
"2995" 0 52 0 0 162
"2996" 0 46 0 1 29
"2997" 1 47 1 0 134
"2998" 0 69 1 0 199
"2999" 0 60 0 0 151
"3000" 1 39 0 0 264
"3001" 0 14 0 0 260
"3002" 0 53 0 0 241
"3003" 0 27 0 1 132
"3004" 0 29 1 1 75
"3005" 0 38 0 0 216
"3006" 0 72 0 0 246
"3007" 0 57 0 0 231
"3008" 0 84 0 0 55
"3009" 0 69 0 0 285
"3010" 0 20 0 0 323
"3011" 0 28 0 1 53
"3012" 1 78 0 1 38
"3013" 1 81 1 0 27
"3014" 0 16 0 0 306
"3015" 0 82 0 0 262
"3016" 0 85 0 0 174
"3017" 0 14 0 1 303
"3018" 0 14 0 0 55
"3019" 0 29 0 0 167
"3020" 0 84 0 0 355
"3021" 0 74 0 0 157
"3022" 0 25 0 0 135
"3023" 0 64 1 1 19
"3024" 0 28 1 0 200
"3025" 0 54 1 0 308
"3026" 0 68 0 0 64
"3027" 1 20 0 0 32
"3028" 0 16 0 0 190
"3029" 0 40 0 0 156
"3030" 0 80 0 0 193
"3031" 0 60 1 0 225
"3032" 0 62 0 0 117
"3033" 1 34 0 0 280
"3034" 0 84 0 0 200
"3035" 0 17 0 0 212
"3036" 0 79 1 1 21
"3037" 0 74 0 0 210
"3038" 1 22 1 1 12
"3039" 1 43 1 0 362
"3040" 0 72 0 0 153
"3041" 0 35 0 0 246
"3042" 0 80 0 0 93
"3043" 0 65 0 1 44
"3044" 1 83 0 0 23
"3045" 0 44 0 1 263
"3046" 0 70 1 0 343
"3047" 0 60 0 0 277
"3048" 0 69 1 0 110
"3049" 0 34 0 0 86
"3050" 0 53 0 0 293
"3052" 0 55 0 0 39
"3053" 0 56 0 0 164
"3054" 0 66 0 0 166
"3055" 0 64 1 0 151
"3056" 0 41 0 0 211
"3057" 0 60 0 0 117
"3058" 0 47 0 0 329
"3059" 0 43 0 1 118
"3060" 0 63 1 0 230
"3061" 0 22 0 0 28
"3062" 0 34 0 0 102
"3063" 1 60 0 0 243
"3064" 0 65 0 1 276
"3065" 0 35 0 0 31
"3066" 0 52 1 1 5
"3067" 0 35 1 0 316
"3068" 0 68 1 0 298
"3069" 0 40 0 1 166
"3070" 0 40 0 0 60
"3071" 0 64 0 0 172
"3072" 0 85 1 1 21
"3073" 0 63 0 0 105
"3074" 1 79 1 0 4
"3075" 0 35 0 0 86
"3076" 0 76 0 0 248
"3077" 0 61 1 0 258
"3078" 0 61 1 0 66
"3079" 0 20 0 0 115
"3080" 0 75 0 0 323
"3081" 0 66 0 0 286
"3082" 0 39 0 0 94
"3083" 1 45 0 1 92
"3084" 0 48 0 0 149
"3085" 0 52 0 0 81
"3086" 1 77 1 1 6
"3087" 1 66 0 0 120
"3088" 0 80 0 0 136
"3089" 0 64 0 0 226
"3090" 0 62 0 0 179
"3091" 0 77 0 0 195
"3092" 0 35 0 0 257
"3093" 0 62 1 1 17
"3094" 0 54 0 0 333
"3095" 0 36 1 1 77
"3096" 0 30 0 0 240
"3097" 0 37 1 1 8
"3098" 0 62 0 0 85
"3099" 0 35 1 0 178
"3100" 0 57 0 0 192
"3101" 0 42 0 1 251
"3102" 0 47 1 1 18
"3103" 0 18 0 0 210
"3104" 0 72 0 0 355
"3105" 1 24 0 0 156
"3106" 0 64 0 0 116
"3107" 0 46 0 0 28
"3108" 0 59 1 0 357
"3109" 0 29 0 0 156
"3110" 1 65 0 0 133
"3111" 1 68 0 0 301
"3112" 0 22 1 0 88
"3113" 0 17 0 0 110
"3114" 1 20 0 0 106
"3115" 0 71 0 0 76
"3116" 0 47 0 0 169
"3117" 1 13 0 0 243
"3118" 0 84 0 0 356
"3119" 0 34 1 1 1
"3120" 0 85 0 0 65
"3121" 1 69 0 0 351
"3122" 0 14 1 0 212
"3123" 0 60 0 0 279
"3124" 1 14 0 0 2
"3125" 0 61 0 0 354
"3126" 1 85 1 1 101
"3127" 0 40 0 0 160
"3128" 0 49 0 1 66
"3129" 0 63 0 0 162
"3130" 0 37 0 0 324
"3131" 0 77 1 0 191
"3132" 0 67 0 0 238
"3133" 0 20 0 0 21
"3134" 0 74 0 0 52
"3135" 0 79 1 0 222
"3136" 1 35 1 0 77
"3137" 0 38 0 0 346
"3138" 0 16 0 1 260
"3139" 0 77 0 0 342
"3140" 0 48 0 0 291
"3141" 1 69 0 0 116
"3142" 1 70 0 0 184
"3143" 0 26 0 0 16
"3144" 0 76 0 0 159
"3145" 0 17 1 0 214
"3146" 0 57 0 0 41
"3147" 0 32 1 1 15
"3148" 0 45 0 0 124
"3149" 0 23 0 0 139
"3150" 0 70 0 0 28
"3151" 1 67 1 0 252
"3152" 0 52 0 0 103
"3154" 0 32 0 0 48
"3155" 0 32 0 0 33
"3156" 1 61 0 1 124
"3157" 0 83 0 0 79
"3158" 0 45 0 0 147
"3159" 0 29 0 0 234
"3160" 0 26 0 0 267
"3161" 0 61 0 0 157
"3162" 0 53 0 1 42
"3163" 0 50 1 0 69
"3164" 0 57 0 1 84
"3165" 0 42 1 0 262
"3166" 0 44 1 1 274
"3167" 1 75 0 0 199
"3168" 1 38 1 0 78
"3169" 0 79 0 0 179
"3170" 0 79 0 0 299
"3171" 0 55 0 0 212
"3172" 0 21 0 0 141
"3173" 0 47 0 1 160
"3174" 0 75 0 0 261
"3175" 0 71 1 1 10
"3176" 0 46 1 1 167
"3177" 0 76 0 0 149
"3178" 0 29 0 0 112
"3179" 0 83 0 0 9
"3180" 0 16 0 0 11
"3181" 0 84 0 0 293
"3182" 0 14 0 0 9
"3183" 0 66 0 1 15
"3184" 0 82 0 0 355
"3185" 1 61 0 0 297
"3186" 0 22 0 0 125
"3187" 0 76 0 0 227
"3188" 0 79 0 0 174
"3189" 0 64 0 1 203
"3190" 1 48 0 0 61
"3191" 0 49 0 0 132
"3192" 0 46 0 0 123
"3193" 0 33 0 1 186
"3194" 0 51 1 1 271
"3195" 0 74 1 0 38
"3196" 0 35 0 0 121
"3197" 0 19 0 0 43
"3198" 0 62 0 0 163
"3199" 0 48 0 0 60
"3200" 1 65 0 0 194
"3201" 1 78 0 0 235
"3202" 0 57 0 0 295
"3203" 0 29 0 0 139
"3204" 0 75 1 0 126
"3205" 1 60 0 1 294
"3206" 0 52 0 0 252
"3207" 1 57 0 0 106
"3208" 0 53 0 0 60
"3209" 0 56 0 0 124
"3210" 1 28 0 0 251
"3211" 0 52 0 0 239
"3212" 0 51 1 0 240
"3213" 0 38 0 1 187
"3214" 0 79 0 0 242
"3215" 0 77 0 0 139
"3216" 1 39 0 0 14
"3217" 0 75 0 0 168
"3218" 1 59 0 0 23
"3219" 0 60 1 0 248
"3220" 0 30 0 0 155
"3221" 0 84 1 0 316
"3222" 1 76 0 0 100
"3223" 0 70 0 0 29
"3224" 0 77 0 0 62
"3225" 0 16 0 0 255
"3226" 0 69 0 0 105
"3227" 0 60 0 0 183
"3228" 1 53 0 1 184
"3229" 0 36 0 0 54
"3230" 0 42 0 0 286
"3231" 0 49 1 0 296
"3232" 0 28 0 0 169
"3233" 0 19 1 0 197
"3234" 0 83 1 1 24
"3235" 0 76 0 0 253
"3236" 0 61 0 0 70
"3237" 1 35 0 0 147
"3238" 0 16 1 0 17
"3239" 0 21 0 0 324
"3240" 0 39 0 0 209
"3241" 1 15 0 0 2
"3242" 0 34 0 0 237
"3243" 0 55 1 1 23
"3244" 0 45 0 0 142
"3245" 0 84 0 0 45
"3246" 0 80 1 0 149
"3247" 0 84 0 0 347
"3248" 0 42 0 0 199
"3249" 0 76 1 1 12
"3250" 0 13 1 0 134
"3251" 1 35 0 0 5
"3252" 0 63 0 0 341
"3253" 1 24 0 0 108
"3254" 0 79 0 0 93
"3255" 1 24 1 1 23
"3256" 1 43 0 0 179
"3257" 0 53 0 0 110
"3258" 0 76 0 0 244
"3259" 0 83 0 0 12
"3260" 1 29 0 0 68
"3261" 0 68 1 0 313
"3262" 1 44 0 0 200
"3263" 0 39 0 0 6
"3264" 0 59 0 0 233
"3265" 0 84 0 1 225
"3266" 0 35 0 0 364
"3267" 1 46 0 0 35
"3268" 1 77 1 1 107
"3269" 0 73 0 0 52
"3270" 0 54 0 0 245
"3271" 0 17 0 1 24
"3272" 0 69 0 0 120
"3273" 0 23 0 0 255
"3274" 1 67 0 0 257
"3275" 0 62 1 0 47
"3276" 0 36 0 0 212
"3277" 0 74 1 0 295
"3278" 0 35 0 0 264
"3279" 0 51 0 1 156
"3280" 1 57 1 0 142
"3281" 1 23 0 0 111
"3282" 1 51 0 0 154
"3283" 0 53 0 0 304
"3284" 0 47 0 0 110
"3285" 0 53 0 0 212
"3286" 0 54 0 0 286
"3287" 0 34 0 0 215
"3288" 1 22 0 1 174
"3289" 0 66 0 0 106
"3290" 0 51 0 0 171
"3291" 1 40 0 0 267
"3292" 0 32 0 0 106
"3293" 0 65 0 0 339
"3294" 0 13 0 0 73
"3295" 0 59 0 0 314
"3296" 1 30 0 0 294
"3297" 0 40 0 0 27
"3298" 0 82 0 0 103
"3299" 1 81 0 0 262
"3300" 0 41 0 0 227
"3301" 0 43 0 0 94
"3302" 0 79 0 0 239
"3303" 1 43 0 0 309
"3304" 0 50 0 0 298
"3305" 0 81 0 0 348
"3306" 0 35 0 0 93
"3307" 0 63 0 0 273
"3308" 0 18 0 0 275
"3309" 0 24 1 0 179
"3310" 0 47 1 0 241
"3311" 0 62 0 0 173
"3312" 1 72 0 0 299
"3313" 0 65 0 0 347
"3314" 0 70 0 0 158
"3315" 0 65 0 0 326
"3316" 0 52 0 0 42
"3317" 1 81 0 0 311
"3318" 0 49 0 0 72
"3319" 0 22 0 0 242
"3320" 1 30 0 0 115
"3321" 0 28 1 0 12
"3322" 0 55 0 0 227
"3323" 0 31 0 0 105
"3324" 0 75 0 0 147
"3325" 0 28 0 0 226
"3326" 0 50 0 0 139
"3327" 1 78 1 0 94
"3328" 0 29 0 0 100
"3329" 0 35 0 0 149
"3330" 1 69 0 0 228
"3331" 0 48 0 0 172
"3332" 0 30 1 0 1
"3333" 1 84 0 0 89
"3334" 0 16 1 0 245
"3335" 0 21 1 0 29
"3336" 0 78 0 0 111
"3337" 0 74 0 0 115
"3338" 0 83 0 0 52
"3339" 1 61 0 0 324
"3340" 0 51 0 0 278
"3341" 0 48 0 1 303
"3342" 1 64 0 0 187
"3343" 0 77 0 0 129
"3344" 0 76 1 0 273
"3345" 0 14 0 0 316
"3346" 0 69 0 0 173
"3347" 0 26 0 0 104
"3348" 0 46 0 0 102
"3349" 1 55 0 0 151
"3350" 0 13 0 0 22
"3351" 0 67 0 0 64
"3352" 0 55 1 0 294
"3353" 0 28 1 1 12
"3354" 0 63 0 0 51
"3355" 0 24 1 0 313
"3356" 1 46 0 1 27
"3357" 0 40 0 0 215
"3358" 1 49 1 0 41
"3359" 0 28 0 0 241
"3360" 0 81 0 0 312
"3361" 1 17 1 0 63
"3362" 1 50 0 0 231
"3363" 1 15 0 0 174
"3364" 1 68 0 0 97
"3365" 1 32 0 0 108
"3366" 0 29 0 0 59
"3367" 0 60 0 0 208
"3368" 0 24 0 0 249
"3369" 0 78 0 0 89
"3370" 1 50 1 0 99
"3371" 0 36 0 0 58
"3372" 0 54 0 0 270
"3373" 0 82 0 0 221
"3374" 1 20 1 1 44
"3375" 0 75 0 1 152
"3376" 0 37 1 1 11
"3377" 1 64 0 0 243
"3378" 1 35 1 0 182
"3379" 0 76 0 0 260
"3380" 1 27 0 0 232
"3381" 0 48 0 0 124
"3382" 0 84 0 0 273
"3383" 0 37 0 0 138
"3384" 0 31 0 0 196
"3385" 0 85 0 0 146
"3386" 0 70 0 1 22
"3387" 0 26 0 0 32
"3388" 0 84 0 0 174
"3389" 0 25 0 0 122
"3390" 1 17 0 1 342
"3391" 1 71 0 1 229
"3392" 0 31 0 0 326
"3393" 0 26 0 0 286
"3394" 0 80 0 0 10
"3395" 0 70 0 0 98
"3396" 0 75 0 0 196
"3397" 0 34 0 0 214
"3398" 1 76 1 0 199
"3399" 1 73 0 0 139
"3400" 1 60 0 0 193
"3401" 1 48 0 0 43
"3402" 0 50 0 0 202
"3403" 1 28 0 1 70
"3404" 1 29 0 0 250
"3405" 0 77 1 0 160
"3406" 0 56 1 0 10
"3407" 0 57 0 0 127
"3408" 0 15 1 0 7
"3409" 0 23 0 0 259
"3410" 0 50 0 1 85
"3411" 0 27 0 0 23
"3412" 0 49 0 1 197
"3413" 0 51 0 0 220
"3414" 0 82 0 0 88
"3415" 1 26 0 0 229
"3416" 0 25 0 1 34
"3417" 0 72 0 0 229
"3418" 0 75 0 0 196
"3419" 0 42 0 0 43
"3420" 0 20 0 0 235
"3421" 0 28 0 0 107
"3422" 0 21 0 0 148
"3423" 1 47 0 0 142
"3424" 1 41 0 0 44
"3425" 0 44 0 1 34
"3426" 1 14 0 0 140
"3427" 0 40 0 0 78
"3428" 1 59 0 0 154
"3429" 1 14 1 0 174
"3430" 0 28 0 0 111
"3431" 0 70 0 0 102
"3432" 0 49 0 0 244
"3433" 1 41 0 0 54
"3434" 1 24 0 0 287
"3435" 0 80 0 0 115
"3436" 0 46 0 0 33
"3437" 0 19 0 1 199
"3438" 0 52 0 0 168
"3439" 0 69 1 0 109
"3440" 0 85 0 1 43
"3441" 0 78 1 0 276
"3442" 0 81 0 0 65
"3443" 0 59 0 0 329
"3444" 0 15 0 0 77
"3445" 0 14 0 0 126
"3446" 0 31 0 0 113
"3447" 0 71 0 0 127
"3448" 1 38 0 0 64
"3449" 0 25 0 0 308
"3450" 1 13 0 0 188
"3451" 0 23 0 0 108
"3452" 0 65 0 0 201
"3453" 0 52 0 0 181
"3454" 0 61 0 0 78
"3455" 0 73 0 0 83
"3456" 0 70 1 0 356
"3457" 0 69 1 0 5
"3458" 0 54 0 0 181
"3459" 0 53 0 0 162
"3460" 0 25 0 0 10
"3461" 0 51 1 0 5
"3462" 0 65 0 0 307
"3463" 1 34 0 0 336
"3464" 0 81 0 0 54
"3465" 0 67 1 0 47
"3466" 0 45 0 0 45
"3467" 0 54 1 0 310
"3468" 0 58 0 1 96
"3469" 1 47 0 0 121
"3470" 0 47 0 0 239
"3471" 1 49 1 0 249
"3472" 0 28 0 0 132
"3473" 0 30 0 0 304
"3474" 0 43 0 0 164
"3475" 1 40 0 0 215
"3476" 0 59 1 0 286
"3477" 0 73 0 0 8
"3478" 0 80 0 0 272
"3479" 0 36 1 0 100
"3480" 0 31 0 0 107
"3481" 0 15 0 0 287
"3482" 0 73 0 1 212
"3483" 0 21 1 0 362
"3484" 0 77 0 0 137
"3485" 1 50 1 0 21
"3486" 0 53 0 0 35
"3487" 0 23 0 0 306
"3488" 1 32 0 0 42
"3489" 0 75 1 0 303
"3491" 0 70 1 0 325
"3492" 0 16 0 0 1
"3493" 1 78 0 0 302
"3494" 0 84 0 0 327
"3495" 0 26 0 0 31
"3496" 1 84 1 0 197
"3497" 0 85 1 1 73
"3498" 1 29 0 0 59
"3499" 0 66 0 0 297
"3500" 1 31 0 0 330
"3501" 0 31 0 0 309
"3502" 0 84 1 1 85
"3503" 1 13 1 1 11
"3504" 0 63 0 0 83
"3505" 0 65 0 0 240
"3506" 0 82 0 0 45
"3507" 1 80 1 0 197
"3508" 0 79 1 1 5
"3509" 0 46 0 0 258
"3510" 0 70 0 0 15
"3511" 1 75 0 0 187
"3512" 0 74 0 0 111
"3513" 0 63 0 0 188
"3514" 0 62 1 0 275
"3515" 0 53 0 0 278
"3516" 0 37 0 0 203
"3517" 0 27 0 0 64
"3518" 0 80 0 0 336
"3519" 1 37 0 0 190
"3520" 0 75 0 0 18
"3521" 0 43 0 0 112
"3522" 0 53 0 0 44
"3523" 0 60 0 0 18
"3524" 0 19 0 0 82
"3525" 0 75 0 0 95
"3526" 0 47 0 0 92
"3527" 0 23 0 0 205
"3528" 1 55 0 0 28
"3529" 0 49 0 0 104
"3530" 0 17 0 0 130
"3531" 1 19 1 0 157
"3532" 0 45 0 0 62
"3533" 0 67 1 0 314
"3534" 0 63 1 1 8
"3535" 0 31 1 1 18
"3536" 1 17 0 0 224
"3537" 1 81 0 0 5
"3538" 0 36 0 0 270
"3539" 0 43 0 0 88
"3540" 0 58 0 0 75
"3541" 0 28 0 0 134
"3542" 1 84 0 0 20
"3543" 1 49 1 1 18
"3544" 0 49 0 0 146
"3545" 0 71 0 0 91
"3546" 0 29 0 1 157
"3547" 0 21 0 0 104
"3548" 0 32 0 0 220
"3549" 0 73 1 0 91
"3550" 0 62 1 1 63
"3551" 0 23 0 1 29
"3552" 1 59 0 0 326
"3553" 0 36 0 0 313
"3554" 0 36 0 0 21
"3555" 1 33 0 0 271
"3556" 0 26 0 0 129
"3557" 1 42 0 0 14
"3558" 0 42 0 1 55
"3559" 0 85 0 0 320
"3560" 0 67 0 0 163
"3561" 0 28 0 0 144
"3562" 0 16 0 0 105
"3563" 1 22 0 0 169
"3564" 0 78 0 0 33
"3565" 0 43 0 0 15
"3566" 0 51 0 0 246
"3567" 0 85 0 0 308
"3568" 0 65 1 0 51
"3569" 0 39 0 0 142
"3570" 0 66 0 0 142
"3571" 0 23 0 0 247
"3572" 0 45 0 0 39
"3573" 1 83 0 0 118
"3574" 0 75 1 0 328
"3575" 0 37 0 0 329
"3576" 1 81 1 0 36
"3577" 1 53 0 0 358
"3578" 0 19 0 0 200
"3579" 1 70 1 1 157
"3580" 0 45 0 1 37
"3581" 0 25 0 0 142
"3582" 0 50 0 0 140
"3583" 0 54 0 0 293
"3584" 1 20 0 1 3
"3585" 0 15 0 0 7
"3586" 1 33 1 1 111
"3587" 0 16 0 0 105
"3588" 0 46 0 1 14
"3589" 1 15 0 1 198
"3590" 0 34 0 0 37
"3591" 0 62 0 0 177
"3592" 0 24 1 0 301
"3593" 1 63 0 0 337
"3594" 1 85 0 0 52
"3595" 0 38 0 0 248
"3596" 0 85 0 0 201
"3597" 0 73 0 0 187
"3598" 1 26 0 0 215
"3599" 1 81 0 0 55
"3600" 0 49 0 0 254
"3601" 0 19 1 1 117
"3602" 0 65 0 0 14
"3603" 0 44 0 0 254
"3604" 0 17 0 1 21
"3605" 0 17 0 0 281
"3606" 0 23 0 0 96
"3607" 0 19 1 0 114
"3608" 0 20 1 1 2
"3609" 1 51 0 0 267
"3610" 0 18 0 0 30
"3611" 0 71 0 0 48
"3612" 0 19 0 0 304
"3613" 0 74 0 0 205
"3614" 0 61 0 0 258
"3615" 0 26 1 0 263
"3616" 0 36 0 0 90
"3617" 0 82 0 0 33
"3618" 0 48 0 1 33
"3619" 0 84 0 0 117
"3620" 1 74 0 0 150
"3621" 0 26 0 0 243
"3622" 0 77 0 0 137
"3623" 0 80 0 0 280
"3624" 0 76 0 0 190
"3625" 0 57 0 0 161
"3626" 0 42 1 0 34
"3627" 0 44 0 0 93
"3628" 0 54 0 0 33
"3629" 1 72 1 0 26
"3630" 0 20 1 0 300
"3631" 0 55 0 0 179
"3632" 0 35 0 0 260
"3633" 0 31 0 1 174
"3634" 1 49 0 0 196
"3635" 0 58 0 1 40
"3636" 1 25 0 0 120
"3637" 0 31 0 0 305
"3638" 0 52 0 0 261
"3639" 1 63 0 0 280
"3640" 0 44 0 0 226
"3641" 0 69 0 0 285
"3642" 0 34 0 0 241
"3643" 1 65 0 0 272
"3644" 1 39 1 0 81
"3645" 0 29 1 0 1
"3646" 0 52 1 1 154
"3647" 0 61 0 0 137
"3648" 1 73 0 0 144
"3649" 0 20 0 1 30
"3650" 0 23 0 0 94
"3651" 0 17 0 0 116
"3652" 0 84 1 1 18
"3653" 0 64 0 0 335
"3654" 0 13 0 0 128
"3655" 0 67 1 0 203
"3656" 1 34 0 0 192
"3657" 0 34 0 0 351
"3658" 0 79 0 0 209
"3659" 0 39 0 0 345
"3660" 0 39 0 1 231
"3661" 0 58 1 0 1
"3662" 0 70 0 0 61
"3663" 0 68 0 0 299
"3664" 1 56 1 0 142
"3665" 0 16 0 0 192
"3666" 1 62 0 0 11
"3667" 0 34 0 0 184
"3668" 0 27 0 0 3
"3669" 0 64 0 0 213
"3670" 0 51 0 0 319
"3671" 0 61 0 0 131
"3672" 0 28 0 0 36
"3673" 0 51 0 0 256
"3674" 1 71 0 0 230
"3675" 0 83 0 0 358
"3676" 0 29 0 0 16
"3677" 0 44 0 0 218
"3678" 0 75 0 0 21
"3679" 0 45 0 0 73
"3680" 0 21 0 0 347
"3681" 0 60 1 0 293
"3682" 0 56 0 0 163
"3683" 0 17 1 0 301
"3684" 1 31 0 0 346
"3685" 1 19 0 0 195
"3686" 0 77 0 0 293
"3687" 0 32 0 1 7
"3688" 0 78 1 1 267
"3689" 0 32 0 0 221
"3690" 0 50 0 0 254
"3691" 1 41 0 0 360
"3692" 1 45 0 0 84
"3693" 0 23 0 0 93
"3694" 0 45 1 1 306
"3695" 0 23 0 1 108
"3696" 0 61 0 0 145
"3697" 0 51 0 0 181
"3698" 0 68 0 0 3
"3699" 0 19 1 1 12
"3700" 0 26 0 1 149
"3701" 0 26 0 0 2
"3702" 0 24 1 0 265
"3703" 0 52 1 0 194
"3704" 1 27 0 0 149
"3705" 0 37 0 0 270
"3706" 0 77 0 0 52
"3707" 1 45 0 0 197
"3708" 0 43 0 0 52
"3709" 0 26 0 1 116
"3710" 0 81 0 1 152
"3711" 0 47 0 0 228
"3712" 0 59 0 0 94
"3713" 0 23 0 1 10
"3714" 0 43 0 0 81
"3715" 0 83 0 0 299
"3716" 0 37 0 0 297
"3717" 0 73 1 0 37
"3718" 0 68 0 0 91
"3719" 0 78 0 0 270
"3720" 0 69 0 0 146
"3721" 0 80 0 0 138
"3722" 0 61 1 0 88
"3723" 0 70 0 0 47
"3724" 0 54 0 0 123
"3725" 0 56 0 0 55
"3726" 0 74 0 1 34
"3727" 0 23 0 0 292
"3728" 0 60 0 0 175
"3729" 0 70 0 0 137
"3730" 0 72 1 0 271
"3731" 0 46 0 0 167
"3732" 0 31 0 0 76
"3733" 1 56 0 1 272
"3734" 1 81 0 0 280
"3735" 0 79 1 0 115
"3736" 1 65 0 0 68
"3737" 0 16 1 1 20
"3738" 1 76 1 0 145
"3739" 0 46 0 0 147
"3740" 1 53 0 0 100
"3741" 0 22 0 0 208
"3742" 1 67 1 0 147
"3743" 0 26 1 0 22
"3744" 0 77 1 1 5
"3745" 0 37 1 0 273
"3746" 1 53 0 0 122
"3747" 0 66 0 1 112
"3748" 1 26 0 0 44
"3749" 0 23 0 0 58
"3750" 0 72 0 0 35
"3751" 0 64 0 0 81
"3752" 1 18 0 1 117
"3753" 0 68 0 0 358
"3754" 1 45 0 0 31
"3755" 0 79 0 0 193
"3756" 0 50 1 0 176
"3757" 0 38 1 1 9
"3758" 0 33 0 1 69
"3759" 0 57 0 0 292
"3760" 1 81 0 0 57
"3761" 0 44 0 1 96
"3762" 0 61 0 1 172
"3763" 1 36 0 0 161
"3764" 0 14 0 1 112
"3765" 0 47 0 0 111
"3766" 0 67 0 0 141
"3767" 1 43 0 0 20
"3768" 0 45 1 0 120
"3769" 0 80 0 0 43
"3770" 0 42 0 0 36
"3771" 0 68 1 1 20
"3772" 0 45 0 0 169
"3773" 1 72 0 0 168
"3774" 0 44 0 0 53
"3775" 0 65 0 0 344
"3776" 0 66 0 0 294
"3777" 0 50 0 0 301
"3778" 0 28 1 0 140
"3779" 0 45 1 0 352
"3780" 0 37 1 0 309
"3781" 0 30 1 0 100
"3782" 0 41 0 0 177
"3783" 0 38 0 0 36
"3784" 0 83 0 0 49
"3785" 0 34 0 1 125
"3786" 0 67 0 0 251
"3787" 0 51 0 1 107
"3788" 0 38 0 0 55
"3789" 0 27 0 0 280
"3790" 0 24 0 0 77
"3791" 0 81 0 0 32
"3792" 1 16 1 0 299
"3793" 0 13 0 1 225
"3794" 0 80 0 0 324
"3795" 1 40 0 0 120
"3796" 1 14 0 1 186
"3797" 0 51 0 0 3
"3798" 0 45 0 0 354
"3799" 0 38 0 0 27
"3800" 0 74 1 0 23
"3801" 0 49 0 0 250
"3802" 0 72 1 0 46
"3803" 1 53 0 0 127
"3804" 0 48 0 1 353
"3805" 0 72 0 0 335
"3806" 1 73 0 0 317
"3807" 0 79 0 0 189
"3808" 0 66 0 0 38
"3809" 0 83 0 0 43
"3810" 1 51 0 1 88
"3811" 0 84 0 0 137
"3812" 1 72 0 0 208
"3813" 0 36 0 0 239
"3814" 0 29 1 0 118
"3815" 0 49 0 0 324
"3816" 1 41 0 0 260
"3817" 0 38 0 0 209
"3818" 0 56 1 0 261
"3819" 0 65 0 0 197
"3820" 0 71 1 0 89
"3821" 1 50 0 0 192
"3822" 0 22 0 0 44
"3823" 0 48 0 0 245
"3824" 0 13 0 1 199
"3825" 0 23 0 1 132
"3826" 0 14 0 0 290
"3827" 0 77 0 0 163
"3828" 0 45 0 0 362
"3829" 0 80 0 0 229
"3830" 0 30 0 0 264
"3831" 0 59 1 0 309
"3832" 0 63 0 0 71
"3833" 0 51 0 0 248
"3834" 0 16 1 0 152
"3835" 1 61 0 0 164
"3836" 0 79 0 0 187
"3837" 0 76 0 0 24
"3838" 0 71 0 0 246
"3839" 0 58 0 0 321
"3840" 1 40 0 0 37
"3841" 1 40 0 0 334
"3842" 0 20 0 0 46
"3843" 0 18 0 0 321
"3844" 0 39 0 0 4
"3845" 0 47 0 0 44
"3846" 0 68 0 0 247
"3847" 0 36 0 0 114
"3848" 0 42 1 0 126
"3849" 0 52 0 0 121
"3850" 0 50 0 0 94
"3851" 0 37 0 0 100
"3852" 0 13 1 0 277
"3853" 0 23 0 0 270
"3854" 0 15 0 0 55
"3855" 0 48 0 0 85
"3856" 0 14 0 0 34
"3857" 1 29 0 1 256
"3858" 1 40 0 0 57
"3859" 0 22 0 0 244
"3860" 0 83 0 0 15
"3861" 0 71 0 0 75
"3862" 0 61 1 1 18
"3863" 0 22 0 0 143
"3864" 0 49 0 0 115
"3865" 1 13 0 0 330
"3866" 1 21 0 0 322
"3867" 0 24 0 0 278
"3868" 0 13 0 0 17
"3869" 0 62 0 0 48
"3870" 1 79 0 0 132
"3871" 1 53 0 0 223
"3872" 0 78 0 0 199
"3873" 0 42 0 0 123
"3874" 0 84 0 1 55
"3875" 0 48 0 1 76
"3876" 0 74 0 0 303
"3877" 1 78 1 0 309
"3878" 0 82 1 0 142
"3879" 0 27 0 0 99
"3880" 0 21 0 0 25
"3881" 0 31 0 0 141
"3882" 0 39 1 0 153
"3883" 0 74 0 0 23
"3884" 0 76 0 0 316
"3885" 0 57 0 0 237
"3886" 0 56 1 0 131
"3887" 0 67 0 0 186
"3888" 1 79 1 0 130
"3889" 1 25 0 0 210
"3890" 0 77 0 0 236
"3891" 1 44 0 0 302
"3892" 0 43 1 0 363
"3893" 0 57 0 0 120
"3894" 0 21 0 0 199
"3895" 0 50 0 0 310
"3896" 1 62 1 1 11
"3897" 0 84 0 0 285
"3898" 0 68 0 0 325
"3899" 1 64 0 0 59
"3900" 0 58 0 0 348
"3901" 1 38 0 0 206
"3902" 0 77 0 0 55
"3903" 0 68 0 0 142
"3904" 1 46 0 0 79
"3905" 0 66 0 0 363
"3906" 0 81 0 0 149
"3907" 0 30 0 0 69
"3908" 0 19 0 0 257
"3909" 0 48 1 0 289
"3910" 1 82 1 0 41
"3911" 0 47 1 0 38
"3912" 1 16 0 0 123
"3913" 0 50 1 0 283
"3914" 1 68 0 0 224
"3915" 0 22 1 0 62
"3916" 1 61 0 0 164
"3917" 0 66 0 1 189
"3918" 0 71 0 0 237
"3919" 0 39 0 0 275
"3920" 0 16 0 0 81
"3921" 0 54 0 0 112
"3922" 0 61 0 0 135
"3923" 1 28 0 0 30
"3924" 1 80 0 0 345
"3925" 0 50 0 0 352
"3926" 0 16 0 0 346
"3927" 0 57 0 0 181
"3928" 0 70 0 0 226
"3929" 1 67 1 0 154
"3930" 0 39 0 0 185
"3931" 0 18 0 1 97
"3932" 0 78 1 1 13
"3933" 0 27 1 0 295
"3934" 0 14 0 0 75
"3935" 0 17 0 0 313
"3936" 0 21 0 1 35
"3937" 0 25 0 0 22
"3938" 0 56 1 0 200
"3939" 1 28 0 0 170
"3940" 1 34 0 0 89
"3941" 0 34 0 1 91
"3942" 0 24 1 0 148
"3943" 0 65 0 0 89
"3944" 1 79 0 0 223
"3945" 0 26 0 0 268
"3946" 0 22 0 0 277
"3947" 0 49 0 0 297
"3948" 0 44 0 0 28
"3949" 1 66 1 1 262
"3950" 0 14 1 1 18
"3951" 0 65 0 0 2
"3952" 0 81 0 0 271
"3953" 0 49 0 0 20
"3954" 0 41 0 0 198
"3955" 0 70 1 0 120
"3956" 0 68 0 0 21
"3957" 0 19 1 0 219
"3958" 0 25 0 0 179
"3959" 0 18 0 0 314
"3960" 0 67 0 0 31
"3961" 0 73 0 0 309
"3962" 0 80 0 0 231
"3963" 0 50 0 1 36
"3964" 0 36 0 0 30
"3965" 0 35 0 0 93
"3966" 0 25 0 0 113
"3967" 0 55 0 0 80
"3968" 0 36 0 0 135
"3969" 1 42 0 0 164
"3970" 1 66 1 0 160
"3971" 0 39 0 0 7
"3972" 1 57 0 0 193
"3973" 0 74 0 0 231
"3974" 1 52 0 0 344
"3975" 0 76 1 0 217
"3976" 1 61 1 0 268
"3977" 0 20 0 1 147
"3978" 0 63 0 0 44
"3979" 0 30 0 0 26
"3980" 0 74 0 1 1
"3981" 0 72 0 1 170
"3982" 0 23 0 1 29
"3983" 0 83 0 0 171
"3984" 0 62 0 1 321
"3985" 1 52 1 0 235
"3986" 0 61 0 0 146
"3987" 0 47 0 0 106
"3988" 0 37 0 1 104
"3989" 0 33 0 0 129
"3990" 0 24 0 0 237
"3991" 0 69 1 1 104
"3992" 0 59 1 0 265
"3993" 0 24 0 0 203
"3994" 0 77 0 1 91
"3995" 0 32 0 0 350
"3996" 1 27 0 0 284
"3997" 1 32 0 1 197
"3998" 0 73 0 0 116
"3999" 0 78 0 0 20
"4000" 1 72 0 0 145
"4001" 0 30 0 0 26
"4002" 1 65 0 0 198
"4003" 0 62 1 1 1
"4004" 0 73 1 0 33
"4005" 1 28 1 1 45
"4006" 1 80 1 0 15
"4007" 0 29 0 1 242
"4008" 0 49 0 0 343
"4009" 0 83 0 0 108
"4010" 0 68 0 0 65
"4011" 0 44 1 0 277
"4012" 0 31 0 0 334
"4013" 0 29 1 0 333
"4014" 0 59 0 0 193
"4015" 0 55 0 0 117
"4016" 0 14 0 0 118
"4017" 0 39 0 1 210
"4018" 1 66 0 0 208
"4019" 0 33 1 0 141
"4020" 1 20 0 1 88
"4021" 0 42 0 1 48
"4022" 0 66 0 0 96
"4023" 0 68 0 0 110
"4024" 0 16 0 0 121
"4025" 0 31 0 0 27
"4026" 0 25 0 1 279
"4027" 0 78 1 0 151
"4028" 0 41 1 0 127
"4029" 0 59 0 0 356
"4030" 0 68 0 0 215
"4031" 0 46 0 0 11
"4032" 0 34 0 0 109
"4033" 0 51 0 0 203
"4034" 0 28 0 0 254
"4035" 1 52 0 0 40
"4036" 0 82 1 0 51
"4037" 1 15 0 0 338
"4038" 0 78 0 0 278
"4039" 0 70 0 0 222
"4040" 0 17 0 0 30
"4041" 1 37 0 0 288
"4042" 0 19 1 1 252
"4043" 1 65 0 0 131
"4044" 0 39 0 0 154
"4045" 0 39 0 0 298
"4046" 0 58 0 0 112
"4047" 0 52 0 0 100
"4048" 0 82 0 0 295
"4049" 0 40 0 1 295
"4050" 0 22 0 0 301
"4051" 0 23 0 0 45
"4052" 0 76 1 0 100
"4053" 0 68 0 0 146
"4054" 0 52 0 0 8
"4055" 0 14 0 0 209
"4056" 0 41 0 0 78
"4057" 0 50 0 0 146
"4058" 1 21 0 0 21
"4059" 0 58 1 0 244
"4060" 0 63 0 0 49
"4061" 0 18 0 0 116
"4062" 1 60 0 0 60
"4063" 0 21 0 0 194
"4064" 1 46 1 1 5
"4065" 0 48 0 0 330
"4066" 1 25 0 0 197
"4067" 0 25 0 1 28
"4068" 1 54 0 0 72
"4069" 0 65 0 0 344
"4070" 0 46 0 0 150
"4071" 0 21 1 0 173
"4072" 0 24 0 0 253
"4073" 0 27 0 0 5
"4074" 0 13 0 0 50
"4075" 0 46 1 1 2
"4076" 0 19 0 1 31
"4077" 0 55 0 0 363
"4078" 0 36 1 1 357
"4079" 0 62 0 1 307
"4080" 0 30 0 0 105
"4081" 0 39 1 0 38
"4082" 0 24 0 1 188
"4083" 1 18 0 0 114
"4084" 0 40 1 0 248
"4085" 1 40 0 1 2
"4086" 1 82 0 0 209
"4088" 0 26 0 1 55
"4089" 1 80 0 0 282
"4090" 0 32 0 0 9
"4091" 0 46 0 0 161
"4092" 1 55 0 0 97
"4093" 0 67 0 0 60
"4094" 0 73 0 1 111
"4095" 1 70 0 0 66
"4096" 0 63 0 0 170
"4097" 1 14 0 1 158
"4098" 0 45 0 0 203
"4099" 0 25 0 0 254
"4100" 0 42 0 0 357
"4101" 0 73 0 0 140
"4102" 0 67 1 0 93
"4103" 1 60 0 1 33
"4104" 0 33 0 0 216
"4105" 0 60 1 0 214
"4106" 0 74 0 0 312
"4107" 0 37 0 0 238
"4108" 0 68 0 1 57
"4109" 0 84 0 0 266
"4110" 0 70 0 0 5
"4111" 1 83 0 0 264
"4112" 0 26 0 0 46
"4113" 0 65 0 0 66
"4114" 0 35 0 0 346
"4115" 0 56 1 0 237
"4116" 0 69 0 0 234
"4117" 0 74 0 0 102
"4118" 1 57 0 0 307
"4119" 0 24 1 0 185
"4120" 0 79 0 0 40
"4121" 0 39 0 0 86
"4122" 0 44 0 0 26
"4123" 0 66 0 0 357
"4124" 1 26 0 0 56
"4126" 0 28 0 1 134
"4127" 0 39 0 0 183
"4128" 0 63 1 0 341
"4129" 0 21 0 0 27
"4130" 0 27 0 0 114
"4131" 0 60 0 0 41
"4132" 0 30 0 0 137
"4133" 0 75 0 0 52
"4134" 0 17 0 0 364
"4135" 0 69 1 0 246
"4136" 0 64 0 0 253
"4137" 0 29 1 1 68
"4138" 1 49 0 0 100
"4139" 0 48 0 0 110
"4140" 1 51 0 0 228
"4141" 1 65 0 0 76
"4142" 0 79 1 0 143
"4143" 0 31 0 1 213
"4144" 0 17 1 1 109
"4145" 0 57 0 0 159
"4146" 0 25 0 0 261
"4147" 0 32 0 0 224
"4148" 0 51 1 0 194
"4149" 0 21 0 0 115
"4150" 1 70 0 0 336
"4151" 0 74 1 0 295
"4152" 0 13 0 0 184
"4153" 0 51 0 0 297
"4154" 0 69 0 0 359
"4155" 0 56 0 0 179
"4156" 1 72 0 0 226
"4157" 0 46 0 0 349
"4158" 0 34 0 0 347
"4159" 0 27 0 0 257
"4160" 0 55 0 0 297
"4161" 0 70 0 0 136
"4162" 0 32 0 1 136
"4163" 0 70 1 1 11
"4164" 0 39 1 1 102
"4165" 0 71 0 0 229
"4166" 0 24 0 1 177
"4167" 0 64 0 0 7
"4168" 0 80 0 0 257
"4169" 0 57 0 0 191
"4170" 0 49 1 0 285
"4171" 1 71 0 0 118
"4172" 1 75 0 0 319
"4173" 0 80 0 0 9
"4174" 0 29 1 0 47
"4175" 1 23 1 0 32
"4176" 0 33 0 0 105
"4177" 1 83 1 0 292
"4178" 0 46 0 1 124
"4179" 0 70 1 0 273
"4180" 0 21 0 1 273
"4181" 0 78 0 0 83
"4182" 0 32 0 0 267
"4183" 0 27 0 0 253
"4184" 0 46 0 0 19
"4185" 0 63 0 0 332
"4186" 1 84 0 1 75
"4187" 0 38 0 0 232
"4188" 0 28 0 0 213
"4189" 1 27 0 0 305
"4190" 0 73 1 1 130
"4191" 0 80 1 0 193
"4192" 1 82 0 0 260
"4193" 1 48 0 1 202
"4194" 0 81 0 0 260
"4195" 1 49 1 0 211
"4196" 0 70 0 0 153
"4197" 0 68 1 0 170
"4198" 0 55 0 0 252
"4199" 0 40 1 0 181
"4200" 0 19 0 1 36
"4201" 1 47 0 0 282
"4202" 0 21 0 0 286
"4203" 0 34 0 0 322
"4204" 0 45 0 0 6
"4205" 0 53 0 0 261
"4206" 0 60 0 0 175
"4207" 0 17 0 0 39
"4208" 0 55 0 0 199
"4209" 0 18 0 0 29
"4210" 0 14 0 0 8
"4211" 0 30 1 0 265
"4212" 0 74 0 0 45
"4213" 1 47 1 1 13
"4214" 0 23 0 0 83
"4215" 0 50 0 0 100
"4216" 0 42 0 0 260
"4217" 0 32 0 1 78
"4218" 0 31 0 0 320
"4219" 0 85 0 1 157
"4220" 0 85 0 0 162
"4221" 0 49 1 0 52
"4222" 0 20 1 0 48
"4223" 0 43 0 0 211
"4224" 0 47 0 0 13
"4225" 0 78 0 0 284
"4226" 0 29 0 0 309
"4227" 1 22 0 0 268
"4228" 0 55 0 0 267
"4229" 0 31 0 0 105
"4230" 0 35 0 0 37
"4231" 1 59 0 0 258
"4232" 0 59 1 0 242
"4233" 1 45 0 0 151
"4234" 0 39 0 0 225
"4235" 0 82 0 0 219
"4236" 1 15 0 0 202
"4237" 0 46 0 0 293
"4238" 1 23 0 1 83
"4239" 0 22 0 0 151
"4240" 1 57 0 0 290
"4241" 1 15 0 0 278
"4242" 0 70 0 0 36
"4243" 0 50 0 0 233
"4244" 1 48 0 0 191
"4245" 0 78 0 0 217
"4246" 0 51 1 1 78
"4247" 0 39 0 0 322
"4248" 1 55 0 0 80
"4249" 0 44 0 0 362
"4250" 0 60 0 0 254
"4251" 1 61 0 0 166
"4252" 1 84 0 0 47
"4253" 0 32 0 0 173
"4254" 0 58 0 0 251
"4255" 1 31 0 0 29
"4256" 0 31 0 0 351
"4257" 0 82 0 1 232
"4258" 0 39 0 0 97
"4259" 0 66 0 0 105
"4260" 1 30 1 1 3
"4261" 0 32 0 1 210
"4262" 0 36 0 1 22
"4263" 1 52 0 1 183
"4264" 1 72 0 0 193
"4265" 0 67 0 0 48
"4266" 1 26 0 0 54
"4267" 0 37 0 0 248
"4268" 1 19 0 0 121
"4269" 1 13 1 0 233
"4270" 0 35 0 0 186
"4271" 0 29 0 0 279
"4272" 0 43 0 0 56
"4273" 0 34 0 0 199
"4274" 0 80 0 0 138
"4275" 0 44 0 0 243
"4276" 0 77 1 0 154
"4277" 1 67 0 0 69
"4278" 1 80 0 0 326
"4279" 0 48 0 0 240
"4280" 0 69 0 1 33
"4281" 1 36 0 0 330
"4282" 0 63 0 0 248
"4283" 0 84 1 0 286
"4284" 0 73 0 0 211
"4285" 0 36 0 0 208
"4286" 0 22 0 0 295
"4287" 0 34 1 0 226
"4288" 0 17 0 0 207
"4289" 0 75 0 0 47
"4290" 0 64 0 0 37
"4291" 1 50 1 0 66
"4292" 0 32 1 0 212
"4293" 0 66 1 0 24
"4294" 0 76 0 0 4
"4295" 1 68 0 0 186
"4296" 0 60 0 1 44
"4297" 0 13 1 0 9
"4298" 0 15 0 0 134
"4299" 0 74 0 0 255
"4300" 0 44 1 0 239
"4301" 1 68 0 0 255
"4302" 0 31 0 0 267
"4303" 0 55 1 0 203
"4304" 0 48 0 0 133
"4305" 0 32 0 0 114
"4306" 0 66 0 0 47
"4307" 0 85 0 0 157
"4308" 0 62 0 0 286
"4309" 0 24 0 0 326
"4310" 0 78 0 1 20
"4311" 1 60 0 0 245
"4312" 0 81 0 0 336
"4313" 0 62 0 1 186
"4314" 0 83 1 0 284
"4315" 1 30 1 0 304
"4316" 1 80 0 0 255
"4317" 0 41 0 0 170
"4318" 0 36 0 1 260
"4319" 0 60 1 1 2
"4320" 0 49 1 0 326
"4321" 0 23 0 0 129
"4322" 0 78 0 0 319
"4323" 0 62 0 0 353
"4324" 0 63 1 0 259
"4325" 0 69 0 0 84
"4326" 0 51 1 0 328
"4327" 0 78 0 0 164
"4328" 0 65 0 0 316
"4329" 0 29 0 0 157
"4330" 0 40 0 0 116
"4331" 0 46 0 0 37
"4332" 0 27 0 0 333
"4333" 0 83 0 0 244
"4334" 1 20 0 0 231
"4335" 0 52 1 0 143
"4336" 0 31 1 0 35
"4337" 0 33 0 0 23
"4338" 0 25 0 0 261
"4339" 1 44 0 1 91
"4340" 1 49 0 0 306
"4341" 0 18 0 0 99
"4342" 0 35 0 0 45
"4343" 0 32 0 0 17
"4344" 0 57 0 0 279
"4345" 0 50 0 0 151
"4346" 1 76 0 0 336
"4347" 0 30 0 1 70
"4348" 0 80 0 0 309
"4349" 0 84 0 0 237
"4350" 1 24 0 0 329
"4351" 1 65 0 0 296
"4352" 0 78 1 0 362
"4353" 1 66 0 0 315
"4354" 0 71 0 0 229
"4355" 0 25 0 0 51
"4356" 0 41 0 0 348
"4357" 0 83 0 0 282
"4358" 0 44 0 1 73
"4359" 0 73 0 0 247
"4360" 0 68 0 0 212
"4361" 0 67 0 0 267
"4362" 0 19 0 0 79
"4363" 1 17 0 0 215
"4364" 0 35 1 0 359
"4365" 1 53 0 0 97
"4366" 0 64 0 0 315
"4367" 0 57 1 0 174
"4368" 0 71 0 0 46
"4369" 0 68 0 0 192
"4370" 0 27 0 0 184
"4371" 0 34 1 0 303
"4372" 0 53 0 0 197
"4373" 1 61 0 0 306
"4374" 0 16 0 0 174
"4375" 0 38 1 0 133
"4376" 0 47 0 1 100
"4377" 0 40 0 0 104
"4378" 0 26 0 1 66
"4379" 1 17 0 0 264
"4380" 0 83 0 0 117
"4381" 1 56 1 0 150
"4382" 0 62 0 0 190
"4383" 0 55 0 1 104
"4384" 0 77 0 0 106
"4385" 0 32 0 1 123
"4386" 0 17 0 1 40
"4387" 0 25 0 1 127
"4388" 0 78 0 0 342
"4389" 0 15 0 0 205
"4390" 0 44 1 0 265
"4391" 0 34 1 0 222
"4392" 0 49 1 0 158
"4393" 1 46 0 0 240
"4394" 0 32 1 1 202
"4395" 0 51 0 0 67
"4396" 0 81 1 0 7
"4397" 1 27 1 0 127
"4398" 0 71 0 0 354
"4399" 0 51 0 0 66
"4400" 1 26 1 0 16
"4401" 0 38 0 0 79
"4402" 0 17 0 0 286
"4403" 0 48 0 0 339
"4404" 0 34 1 0 167
"4405" 0 16 0 0 163
"4406" 0 13 0 0 9
"4407" 0 28 1 0 125
"4408" 0 72 0 0 142
"4409" 0 34 0 1 7
"4410" 0 32 1 0 152
"4411" 0 52 0 0 315
"4412" 0 51 0 0 253
"4413" 0 24 0 0 162
"4414" 0 46 0 0 71
"4415" 0 40 0 0 28
"4416" 0 55 0 0 260
"4417" 0 42 1 1 1
"4418" 0 85 0 0 16
"4419" 1 22 0 0 361
"4420" 0 36 0 1 98
"4421" 0 63 0 0 220
"4422" 0 81 0 0 167
"4423" 0 66 1 0 207
"4424" 0 58 0 0 282
"4425" 0 42 0 0 64
"4426" 1 61 1 0 120
"4427" 1 15 0 0 50
"4428" 0 53 0 0 321
"4429" 0 41 0 0 300
"4430" 0 20 1 1 22
"4431" 0 54 0 1 114
"4432" 0 62 0 0 222
"4433" 0 79 0 0 124
"4434" 0 83 0 1 148
"4435" 0 23 1 0 354
"4436" 0 24 0 0 187
"4437" 1 51 1 1 24
"4438" 1 20 1 1 179
"4439" 0 61 0 0 114
"4440" 0 83 0 0 158
"4441" 1 18 1 0 72
"4442" 0 61 0 1 177
"4443" 0 76 0 0 342
"4444" 0 13 0 1 23
"4445" 0 55 0 0 37
"4446" 0 23 0 0 176
"4447" 1 15 1 0 275
"4448" 1 53 0 0 85
"4449" 0 43 1 0 60
"4450" 0 49 0 0 187
"4451" 0 33 0 0 225
"4452" 0 76 1 0 153
"4453" 0 19 0 1 120
"4454" 0 77 0 0 194
"4455" 0 34 0 0 287
"4456" 0 77 0 0 124
"4457" 0 83 0 0 255
"4458" 1 27 1 0 334
"4459" 1 28 0 0 261
"4460" 0 81 0 0 253
"4461" 0 52 0 1 131
"4462" 1 19 0 0 39
"4463" 1 36 0 0 128
"4464" 0 44 0 0 152
"4465" 0 44 0 0 333
"4466" 0 19 0 0 27
"4467" 0 55 0 1 234
"4468" 0 22 1 1 15
"4469" 1 35 0 1 194
"4470" 0 43 1 0 46
"4471" 0 31 0 0 94
"4472" 0 60 0 0 285
"4473" 0 72 0 0 257
"4474" 0 38 0 1 19
"4475" 0 55 1 0 324
"4476" 0 73 0 1 17
"4477" 0 45 0 0 122
"4478" 1 51 0 1 244
"4479" 0 64 0 0 305
"4480" 0 84 0 0 33
"4481" 0 18 1 0 65
"4482" 0 79 0 0 15
"4483" 0 26 0 1 63
"4484" 0 52 0 0 149
"4485" 0 71 0 0 350
"4486" 0 50 0 0 154
"4487" 0 73 1 0 304
"4488" 1 55 1 0 213
"4489" 0 38 0 0 149
"4490" 1 13 0 0 245
"4491" 0 40 0 0 59
"4492" 1 42 0 0 27
"4493" 0 68 0 0 12
"4494" 0 59 0 0 186
"4495" 0 58 0 0 344
"4496" 0 51 0 0 259
"4497" 1 83 0 0 225
"4498" 0 24 0 0 56
"4499" 0 17 0 0 338
"4500" 0 36 0 0 90
"4501" 0 15 0 0 113
"4502" 1 23 1 0 361
"4503" 0 20 1 0 232
"4504" 0 45 0 0 120
"4505" 1 81 0 0 342
"4506" 0 40 1 0 160
"4507" 0 69 0 0 76
"4508" 0 69 0 0 89
"4509" 1 84 0 0 175
"4510" 0 57 0 0 62
"4511" 0 49 0 1 23
"4512" 0 43 0 0 135
"4513" 1 29 0 0 216
"4514" 0 61 1 0 240
"4515" 0 36 0 1 177
"4516" 0 37 0 1 2
"4517" 0 64 1 0 157
"4518" 1 45 0 0 55
"4519" 1 68 1 0 209
"4520" 1 41 0 0 184
"4521" 1 84 1 0 326
"4522" 0 68 0 1 183
"4523" 0 60 0 0 143
"4524" 0 79 0 0 46
"4525" 0 24 1 0 159
"4526" 0 23 1 0 6
"4527" 0 76 0 1 41
"4528" 0 30 0 0 356
"4529" 0 18 0 0 196
"4530" 1 81 0 0 189
"4531" 0 60 0 0 152
"4532" 0 78 0 0 120
"4533" 0 25 0 0 54
"4534" 0 51 0 0 149
"4535" 0 74 0 0 203
"4536" 0 73 0 1 185
"4537" 0 24 0 0 135
"4538" 0 71 0 0 86
"4539" 0 16 0 0 62
"4540" 0 51 0 0 281
"4541" 0 19 0 0 35
"4542" 0 45 0 0 156
"4543" 0 34 0 0 155
"4544" 0 23 0 0 252
"4545" 0 70 1 1 49
"4546" 0 30 1 0 117
"4547" 0 57 0 0 334
"4548" 0 81 0 0 13
"4549" 0 59 0 0 152
"4550" 0 23 0 1 40
"4551" 1 44 0 0 200
"4552" 0 82 0 1 128
"4553" 1 83 0 0 271
"4554" 0 49 1 1 16
"4555" 0 21 0 1 112
"4556" 1 17 0 0 233
"4557" 0 69 0 0 307
"4558" 0 22 1 0 132
"4559" 0 45 1 0 14
"4560" 1 32 1 0 98
"4561" 0 52 0 0 358
"4562" 0 58 0 0 267
"4563" 0 70 0 0 10
"4564" 0 64 1 0 211
"4565" 1 41 0 0 38
"4566" 0 17 0 0 51
"4567" 0 42 1 0 268
"4568" 1 84 0 0 131
"4569" 0 13 0 0 268
"4570" 0 79 1 0 84
"4571" 0 46 0 1 48
"4572" 0 64 0 1 210
"4573" 1 82 0 0 18
"4574" 0 42 0 0 44
"4575" 1 34 0 0 99
"4576" 0 43 0 1 8
"4577" 0 55 1 0 165
"4578" 0 37 0 1 291
"4579" 0 51 0 1 41
"4580" 0 57 1 0 244
"4581" 0 37 0 0 206
"4582" 1 23 0 1 33
"4583" 0 59 1 1 107
"4584" 1 85 0 1 13
"4585" 0 51 0 0 45
"4586" 0 74 0 0 142
"4587" 0 65 0 1 198
"4588" 0 18 0 0 191
"4589" 0 43 0 0 245
"4591" 1 31 0 0 260
"4592" 1 51 0 0 84
"4593" 0 77 0 0 288
"4594" 1 16 0 0 333
"4595" 0 49 0 0 203
"4596" 0 49 0 0 7
"4597" 0 18 0 1 237
"4598" 0 59 1 0 172
"4599" 0 34 0 0 38
"4600" 0 24 0 0 19
"4601" 0 41 0 0 173
"4602" 1 64 1 0 231
"4603" 0 16 0 0 163
"4604" 0 50 0 0 69
"4605" 1 51 1 0 340
"4606" 0 32 1 1 91
"4607" 0 56 0 0 285
"4608" 1 44 0 0 32
"4609" 0 70 0 0 249
"4610" 1 50 1 0 149
"4611" 0 30 1 0 51
"4612" 0 26 1 0 120
"4613" 0 32 0 0 291
"4614" 0 54 0 0 82
"4615" 0 60 0 0 120
"4616" 1 73 0 0 12
"4617" 0 50 0 0 143
"4618" 0 67 0 0 55
"4619" 0 72 0 0 80
"4620" 0 64 0 0 140
"4621" 0 45 0 0 2
"4622" 0 76 0 0 128
"4623" 0 23 1 0 351
"4624" 0 71 0 0 308
"4625" 0 57 0 0 216
"4626" 0 38 1 0 6
"4627" 0 44 0 0 71
"4628" 1 64 1 0 279
"4629" 0 55 0 1 64
"4630" 0 17 0 0 194
"4631" 0 39 1 0 333
"4632" 1 45 0 0 16
"4633" 1 69 0 0 348
"4634" 0 27 0 0 223
"4635" 0 38 1 1 30
"4636" 0 27 0 0 254
"4637" 0 35 0 0 78
"4638" 0 29 0 0 106
"4639" 0 83 0 0 107
"4640" 0 74 0 1 140
"4641" 1 52 0 0 286
"4642" 0 85 0 0 166
"4643" 0 31 1 0 139
"4644" 0 58 0 0 219
"4645" 0 73 0 0 328
"4646" 0 78 0 1 68
"4647" 0 61 1 1 12
"4648" 1 80 0 1 144
"4649" 0 26 0 0 208
"4650" 0 48 1 0 141
"4651" 1 35 0 0 254
"4652" 0 77 0 0 230
"4653" 1 21 0 0 263
"4654" 0 15 0 0 125
"4655" 0 63 0 0 114
"4656" 0 67 1 0 83
"4657" 1 54 0 0 12
"4658" 1 35 1 0 143
"4659" 0 20 0 0 148
"4660" 0 62 0 0 43
"4661" 0 27 0 0 342
"4662" 0 45 1 0 338
"4663" 0 48 0 0 341
"4664" 0 30 0 1 140
"4665" 0 78 1 0 318
"4666" 0 51 0 1 127
"4667" 0 84 0 1 150
"4668" 0 37 0 0 139
"4669" 0 62 0 0 246
"4670" 0 58 0 0 184
"4671" 0 44 0 0 65
"4672" 0 46 0 0 191
"4673" 0 65 0 0 255
"4674" 0 53 0 1 208
"4675" 0 70 0 1 114
"4676" 0 85 0 0 244
"4677" 0 45 0 1 179
"4678" 0 74 0 0 4
"4679" 0 26 0 0 35
"4680" 0 44 1 0 100
"4681" 1 30 0 0 94
"4682" 0 27 1 0 262
"4683" 0 81 1 1 143
"4684" 0 80 0 0 289
"4685" 0 34 1 0 97
"4686" 0 55 0 0 154
"4687" 1 54 0 0 360
"4688" 1 41 0 0 155
"4689" 0 77 0 0 53
"4690" 0 41 0 0 151
"4691" 0 70 1 1 16
"4692" 1 34 0 0 51
"4693" 1 70 0 0 166
"4694" 0 55 0 0 19
"4695" 0 21 0 0 124
"4696" 0 32 0 0 312
"4697" 0 34 0 1 220
"4698" 0 21 0 0 230
"4699" 0 32 0 0 262
"4700" 0 53 0 0 211
"4701" 0 26 0 0 35
"4702" 0 59 0 0 341
"4703" 0 20 0 0 216
"4704" 1 39 0 0 221
"4705" 0 20 0 1 200
"4706" 0 67 0 0 136
"4707" 0 20 0 0 113
"4708" 0 20 0 0 272
"4709" 0 29 0 0 25
"4710" 0 67 0 0 194
"4711" 0 77 0 1 213
"4712" 1 15 1 0 341
"4713" 1 71 0 0 293
"4714" 0 85 0 0 356
"4715" 0 21 0 0 117
"4716" 0 26 0 1 121
"4717" 1 74 0 0 59
"4718" 0 84 1 0 227
"4719" 1 21 0 0 147
"4720" 1 52 1 0 328
"4721" 0 64 0 0 12
"4722" 0 60 1 0 297
"4723" 0 55 0 0 220
"4724" 0 54 0 0 263
"4725" 0 21 0 1 49
"4726" 0 19 1 0 144
"4727" 1 54 0 0 124
"4728" 0 32 1 0 275
"4729" 0 32 0 0 36
"4730" 0 68 0 0 21
"4731" 0 13 0 1 36
"4732" 0 74 1 0 262
"4733" 0 48 0 0 64
"4734" 1 76 1 1 198
"4735" 0 51 0 0 304
"4736" 1 70 0 0 267
"4737" 0 44 0 0 92
"4738" 0 43 1 1 287
"4739" 0 52 0 0 114
"4740" 0 75 1 0 63
"4741" 0 73 0 0 62
"4742" 0 79 0 0 170
"4743" 0 48 0 0 235
"4744" 1 24 1 0 115
"4745" 0 62 0 0 27
"4746" 0 55 0 1 90
"4747" 0 23 0 0 331
"4748" 0 41 1 0 113
"4749" 1 26 0 1 60
"4750" 0 33 0 0 308
"4751" 0 27 0 0 244
"4752" 0 20 0 0 169
"4753" 0 13 0 0 45
"4754" 1 64 0 0 181
"4755" 0 84 0 0 145
"4756" 1 59 0 0 74
"4757" 1 51 0 1 4
"4758" 0 65 0 0 295
"4759" 0 43 0 0 16
"4760" 0 59 0 1 195
"4761" 0 64 1 0 216
"4762" 0 15 0 0 25
"4763" 0 17 1 0 290
"4764" 0 36 0 0 76
"4765" 0 82 0 1 28
"4766" 0 39 1 1 123
"4767" 0 59 0 1 73
"4768" 0 80 0 0 121
"4769" 0 59 0 0 188
"4770" 0 24 0 0 215
"4771" 0 66 1 0 185
"4772" 0 55 0 0 187
"4773" 0 85 0 0 68
"4774" 0 75 0 0 100
"4775" 0 68 0 0 163
"4776" 0 41 0 0 89
"4777" 1 73 1 0 231
"4778" 0 66 1 0 132
"4779" 0 57 0 0 37
"4780" 0 43 1 0 16
"4781" 0 28 0 0 154
"4782" 0 62 1 0 269
"4783" 0 78 0 1 83
"4784" 0 13 0 0 335
"4785" 0 35 1 0 344
"4786" 0 45 0 0 165
"4787" 0 31 0 0 218
"4788" 1 64 0 0 172
"4789" 0 63 0 0 263
"4790" 0 53 0 0 59
"4791" 0 32 0 0 220
"4792" 0 65 0 0 111
"4793" 0 54 0 0 292
"4794" 0 85 0 0 133
"4795" 0 54 0 0 278
"4796" 0 41 0 0 133
"4797" 1 48 0 0 221
"4798" 0 43 0 0 218
"4799" 0 44 0 0 84
"4800" 0 14 0 0 345
"4801" 0 15 0 0 149
"4802" 0 41 0 0 18
"4803" 1 17 0 0 132
"4804" 0 66 0 0 245
"4805" 0 41 1 0 256
"4806" 0 19 0 0 343
"4807" 0 20 0 0 94
"4808" 0 24 0 0 175
"4809" 0 29 0 0 212
"4810" 0 46 0 0 263
"4811" 0 69 0 0 166
"4812" 0 24 0 0 166
"4813" 1 59 0 0 69
"4814" 0 56 0 0 46
"4815" 0 46 0 0 91
"4816" 0 39 0 0 328
"4817" 1 50 0 1 339
"4818" 0 32 0 0 180
"4819" 0 63 0 0 138
"4820" 0 35 0 0 269
"4821" 0 43 0 0 324
"4822" 0 78 1 1 5
"4823" 0 31 0 0 211
"4824" 0 14 0 0 147
"4825" 0 67 0 1 93
"4826" 0 78 0 0 347
"4827" 1 38 0 1 148
"4828" 0 61 0 0 72
"4829" 0 35 0 0 174
"4830" 1 17 0 1 116
"4831" 0 28 0 0 19
"4832" 0 49 0 0 311
"4833" 0 82 0 0 336
"4834" 1 75 0 0 172
"4835" 0 77 0 0 41
"4836" 1 78 0 0 171
"4837" 0 60 0 0 164
"4838" 0 71 0 0 239
"4839" 0 52 1 0 216
"4840" 0 71 1 0 333
"4841" 0 51 0 0 153
"4842" 0 43 0 0 7
"4843" 1 78 0 0 47
"4844" 0 55 0 0 291
"4845" 0 51 0 0 282
"4846" 0 30 0 0 220
"4847" 0 19 0 0 343
"4849" 0 74 0 0 302
"4850" 0 27 0 0 10
"4851" 1 72 0 0 169
"4852" 0 50 0 1 232
"4853" 1 62 0 0 39
"4854" 1 40 0 0 121
"4855" 0 72 0 0 99
"4856" 0 70 1 1 2
"4857" 0 37 0 0 55
"4858" 0 67 0 0 240
"4859" 1 70 0 0 161
"4860" 0 38 0 0 354
"4861" 0 67 0 0 81
"4862" 0 15 0 0 132
"4863" 0 71 0 0 75
"4864" 0 53 0 0 52
"4865" 0 57 0 0 124
"4866" 0 63 0 0 279
"4867" 0 85 0 0 183
"4868" 0 82 0 0 222
"4869" 1 67 0 0 104
"4870" 0 17 1 1 343
"4871" 0 66 0 0 280
"4872" 0 47 0 0 223
"4873" 0 39 0 0 89
"4874" 0 22 0 0 228
"4875" 0 41 0 0 83
"4876" 1 80 0 0 160
"4877" 0 61 0 0 258
"4878" 0 37 0 1 10
"4879" 1 65 1 0 185
"4880" 0 18 1 0 362
"4881" 0 61 0 0 105
"4882" 0 60 0 0 138
"4883" 0 43 0 0 33
"4884" 1 53 0 0 362
"4885" 1 16 1 0 66
"4886" 0 83 0 0 250
"4887" 0 30 0 0 1
"4888" 0 25 0 0 86
"4889" 0 51 1 0 8
"4890" 0 41 0 0 254
"4891" 1 43 1 0 182
"4892" 0 15 0 0 109
"4893" 0 66 0 0 236
"4894" 0 28 0 0 178
"4895" 1 64 0 0 166
"4896" 0 81 0 0 291
"4897" 0 45 0 0 19
"4898" 0 68 1 1 87
"4899" 0 23 0 0 64
"4900" 0 54 0 0 315
"4901" 1 71 0 0 27
"4902" 0 18 1 0 318
"4903" 1 69 0 0 47
"4904" 1 76 1 0 41
"4905" 1 77 1 1 46
"4906" 0 55 1 1 17
"4907" 0 14 1 0 169
"4908" 0 77 0 0 292
"4909" 0 28 0 1 4
"4910" 0 60 0 0 71
"4911" 1 18 0 0 247
"4912" 0 79 0 0 147
"4913" 0 52 0 0 148
"4914" 0 57 1 0 194
"4915" 1 81 0 0 24
"4916" 0 85 0 0 211
"4917" 0 29 0 0 135
"4918" 0 25 0 0 262
"4919" 0 63 0 0 257
"4920" 0 37 0 0 62
"4921" 0 45 0 0 95
"4922" 0 61 0 0 11
"4923" 0 48 0 0 69
"4924" 1 47 0 0 156
"4925" 0 39 1 0 333
"4926" 1 51 0 0 330
"4927" 0 71 0 0 191
"4928" 0 58 0 0 20
"4929" 1 18 0 0 279
"4930" 0 31 0 0 313
"4931" 0 30 0 1 4
"4932" 1 64 0 0 329
"4933" 0 43 0 1 171
"4934" 0 44 0 0 82
"4935" 1 30 0 0 210
"4936" 1 38 1 0 206
"4937" 1 37 1 0 136
"4938" 0 30 0 0 239
"4939" 1 32 0 0 298
"4940" 1 42 1 1 128
"4941" 0 22 0 0 162
"4942" 0 66 0 0 148
"4943" 0 66 0 0 188
"4944" 0 80 0 0 214
"4945" 0 77 0 0 331
"4946" 0 72 0 0 135
"4947" 0 39 0 0 301
"4948" 1 57 0 0 209
"4949" 0 16 0 0 144
"4950" 1 22 1 0 19
"4951" 0 40 1 0 31
"4952" 0 60 0 0 241
"4953" 0 24 0 0 351
"4954" 0 47 1 0 38
"4955" 0 45 0 0 172
"4956" 0 28 0 1 241
"4957" 0 30 1 0 154
"4958" 0 30 0 0 358
"4959" 0 72 1 0 221
"4960" 0 66 1 0 244
"4961" 0 77 0 0 183
"4962" 0 42 0 0 340
"4963" 1 25 0 0 363
"4964" 0 62 0 1 21
"4965" 0 74 0 0 324
"4966" 1 15 0 0 146
"4967" 0 19 0 0 324
"4968" 0 55 0 0 88
"4969" 0 35 0 0 280
"4970" 0 26 0 0 206
"4971" 0 80 0 0 188
"4972" 1 83 1 0 89
"4973" 0 74 0 0 209
"4974" 0 59 0 1 331
"4975" 1 42 0 0 85
"4976" 0 50 1 0 124
"4977" 0 75 0 0 67
"4978" 0 37 0 0 119
"4979" 1 30 0 0 348
"4980" 0 73 0 0 87
"4981" 0 17 0 0 264
"4982" 1 43 0 0 137
"4983" 0 37 0 0 72
"4984" 0 56 0 0 196
"4985" 0 59 0 0 325
"4986" 0 50 0 0 111
"4987" 0 62 0 1 9
"4988" 0 37 0 0 185
"4989" 1 42 0 0 138
"4990" 0 46 0 0 197
"4991" 0 48 0 0 177
"4992" 0 47 0 0 207
"4993" 0 27 0 0 133
"4994" 1 85 0 0 4
"4995" 0 41 0 0 125
"4996" 0 29 0 0 51
"4997" 0 16 0 0 221
"4998" 0 28 1 0 143
"4999" 0 60 0 0 315
"5000" 0 61 0 0 351
"5001" 0 62 0 0 306
"5002" 0 66 0 0 357
"5003" 0 79 0 1 305
"5004" 0 37 0 0 60
"5005" 0 35 0 0 1
"5006" 0 53 0 0 157
"5007" 0 20 0 0 261
"5008" 0 63 0 0 171
"5009" 0 44 0 1 212
"5010" 0 59 0 0 290
"5011" 0 32 1 1 44
"5012" 0 82 0 1 21
"5013" 1 49 1 1 2
"5014" 0 53 0 1 124
"5015" 0 17 0 0 15
"5016" 1 22 1 0 64
"5017" 1 62 1 0 214
"5018" 0 61 0 0 140
"5019" 0 44 0 0 71
"5020" 1 63 0 0 184
"5021" 0 48 1 1 296
"5022" 0 38 0 0 118
"5023" 0 14 0 0 355
"5024" 1 84 0 0 342
"5025" 0 18 0 0 47
"5026" 0 37 0 0 304
"5027" 0 33 0 0 347
"5028" 0 54 1 0 211
"5029" 0 21 0 0 66
"5030" 0 36 0 0 227
"5031" 0 18 0 1 309
"5032" 0 18 0 0 220
"5033" 1 35 0 0 317
"5034" 0 20 1 1 12
"5035" 0 20 0 0 173
"5036" 0 30 0 0 168
"5037" 0 69 0 0 280
"5038" 0 15 0 0 202
"5039" 1 15 0 0 48
"5040" 0 37 0 0 131
"5041" 0 47 0 0 201
"5042" 0 39 1 0 363
"5043" 0 85 0 0 263
"5044" 0 23 0 0 324
"5045" 0 48 0 0 266
"5046" 0 23 0 0 287
"5047" 0 31 0 0 30
"5048" 0 70 0 0 53
"5049" 0 72 1 0 273
"5050" 1 73 0 0 159
"5051" 0 85 1 1 21
"5052" 0 27 0 0 97
"5053" 0 27 1 0 132
"5054" 0 17 1 0 168
"5055" 0 29 0 0 121
"5056" 1 74 0 0 64
"5057" 0 82 0 1 58
"5058" 0 45 0 0 231
"5059" 0 24 0 0 360
"5060" 0 13 0 0 195
"5061" 0 65 1 0 130
"5062" 0 76 0 0 113
"5063" 0 36 0 0 52
"5064" 1 58 0 0 7
"5065" 0 57 0 0 190
"5066" 0 67 0 0 184
"5067" 0 66 0 0 17
"5068" 0 85 1 0 277
"5069" 0 16 1 0 192
"5070" 1 23 1 0 66
"5071" 1 55 0 0 281
"5072" 0 73 1 0 120
"5073" 1 24 0 0 237
"5074" 1 58 1 0 294
"5075" 0 28 1 0 137
"5076" 0 85 0 0 62
"5077" 1 81 0 0 254
"5078" 0 27 1 0 310
"5079" 0 62 0 0 45
"5080" 0 61 0 0 331
"5081" 0 23 0 0 276
"5082" 0 41 1 0 87
"5083" 0 59 0 0 83
"5084" 0 58 0 0 93
"5085" 0 74 0 1 221
"5086" 1 52 0 0 168
"5087" 0 33 0 0 196
"5088" 0 16 0 1 11
"5089" 0 42 0 0 114
"5090" 0 74 0 1 146
"5091" 0 50 0 0 311
"5092" 1 84 1 0 293
"5093" 0 81 1 0 153
"5094" 1 49 1 0 338
"5095" 0 73 0 0 63
"5096" 0 39 1 0 36
"5097" 0 79 0 0 169
"5098" 0 17 1 1 17
"5099" 0 24 1 1 295
"5100" 1 46 0 0 255
"5101" 0 26 0 0 42
"5102" 0 82 1 0 139
"5103" 0 50 0 0 71
"5104" 0 66 0 1 15
"5105" 0 71 0 1 46
"5106" 0 27 0 0 169
"5107" 0 17 1 1 123
"5108" 0 73 0 0 13
"5109" 1 77 0 0 5
"5110" 0 49 0 0 180
"5111" 1 45 1 1 9
"5112" 0 68 0 1 67
"5113" 0 39 0 0 351
"5114" 0 50 1 0 65
"5115" 1 14 0 0 75
"5116" 0 52 0 0 140
"5117" 0 39 0 0 114
"5118" 0 49 0 0 231
"5119" 0 30 0 0 34
"5120" 0 15 0 0 166
"5121" 1 48 0 1 59
"5122" 0 70 0 1 17
"5123" 0 70 0 0 240
"5124" 0 22 0 0 75
